#   Frequency (THz)          T(omega), 2x2x2          T(omega), 4x4x4      
0.000000000000000000e+00 5.091075553620516073e-11 2.738840480941656760e-13
5.999999999999999778e-02 1.775462413269699090e-10 1.125095656569695854e-12
1.199999999999999956e-01 4.757731782670920846e-10 3.534501271328885062e-12
1.799999999999999933e-01 1.002745978605862720e-09 8.705605036106087236e-12
2.399999999999999911e-01 1.742491808110614476e-09 1.740278877978661401e-11
2.999999999999999889e-01 2.687054381052887401e-09 2.982983057142035516e-11
3.599999999999999867e-01 3.972083192971445492e-09 4.757159780872853434e-11
4.199999999999999845e-01 5.820114270339219192e-09 7.571508685158014483e-11
4.799999999999999822e-01 8.321187617324089363e-09 1.201662976867999315e-10
5.400000000000000355e-01 1.147040793244907663e-08 1.833980548304101930e-10
5.999999999999999778e-01 1.550050804728531282e-08 2.687580280698152167e-10
6.599999999999999201e-01 2.080680160589716440e-08 3.864558464896399690e-10
7.199999999999999734e-01 2.747457517285309673e-08 5.497804077699978974e-10
7.800000000000000266e-01 3.550731756762515361e-08 7.713587247540983518e-10
8.399999999999999689e-01 4.543795447035670560e-08 1.064079896416972133e-09
8.999999999999999112e-01 5.789711000188122797e-08 1.443789261532699136e-09
9.599999999999999645e-01 7.296259105748243671e-08 1.933304851414657755e-09
1.020000000000000018e+00 9.077662848141782615e-08 2.558481909523093224e-09
1.080000000000000071e+00 1.121516663836092608e-07 3.349236192328468851e-09
1.139999999999999902e+00 1.378111864181525866e-07 4.344467697322313872e-09
1.199999999999999956e+00 1.678777687259956928e-07 5.572562946922767504e-09
1.260000000000000009e+00 2.028829222674192195e-07 7.065418981399406577e-09
1.319999999999999840e+00 2.441029320553142859e-07 8.896330845920333110e-09
1.379999999999999893e+00 2.921432384695677630e-07 1.112170866432016982e-08
1.439999999999999947e+00 3.469393222889452630e-07 1.376307696427902775e-08
1.500000000000000000e+00 4.095838990103056391e-07 1.690179588832240098e-08
1.560000000000000053e+00 4.817768321095402193e-07 2.064178391110687114e-08
1.619999999999999885e+00 5.637180589969017335e-07 2.502278692552237163e-08
1.679999999999999938e+00 6.553334538235760751e-07 3.009649571067664631e-08
1.739999999999999991e+00 7.581812717630851349e-07 3.600023852813916542e-08
1.799999999999999822e+00 8.733897802149404968e-07 4.286063124778367364e-08
1.859999999999999876e+00 1.000332572903969414e-06 5.068465955225927516e-08
1.919999999999999929e+00 1.139335365187240767e-06 5.954614693761858423e-08
1.979999999999999982e+00 1.291847410865550244e-06 6.970940279208329431e-08
2.040000000000000036e+00 1.457092359862872795e-06 8.124591227409133529e-08
2.100000000000000089e+00 1.633320977190347428e-06 9.409091053473614439e-08
2.160000000000000142e+00 1.821156625337452973e-06 1.085483102846064715e-07
2.219999999999999751e+00 2.020552125296959643e-06 1.248649645386049861e-07
2.279999999999999805e+00 2.228302925221852154e-06 1.429382308090755676e-07
2.339999999999999858e+00 2.442627488229522102e-06 1.630269426062648074e-07
2.399999999999999911e+00 2.663817827898891049e-06 1.858013905690867577e-07
2.459999999999999964e+00 2.889965417005064921e-06 2.122899989321785485e-07
2.520000000000000018e+00 3.121115214115425592e-06 2.456074828357434390e-07
2.580000000000000071e+00 3.365306172169469416e-06 2.932772158725448371e-07
2.639999999999999680e+00 3.634858767657553959e-06 3.674090392497057766e-07
2.699999999999999734e+00 3.944336484278303129e-06 4.823430658453577982e-07
2.759999999999999787e+00 4.312785027820345931e-06 6.517375582449326202e-07
2.819999999999999840e+00 4.756999403874458178e-06 8.864268438547120024e-07
2.879999999999999893e+00 5.285580461955416752e-06 1.193951905577085078e-06
2.939999999999999947e+00 5.905337293882099786e-06 1.579466354084491752e-06
3.000000000000000000e+00 6.623317551222251707e-06 2.045782710960319080e-06
3.060000000000000053e+00 7.441483899948118669e-06 2.593820579680888127e-06
3.120000000000000107e+00 8.361308564683835994e-06 3.224796066763655201e-06
3.179999999999999716e+00 9.388477925799381681e-06 3.940441407485141046e-06
3.239999999999999769e+00 1.052656085695949820e-05 4.741721510482462505e-06
3.299999999999999822e+00 1.177957309176309511e-05 5.629781189799017325e-06
3.359999999999999876e+00 1.315828427031491561e-05 6.607942617903912679e-06
3.419999999999999929e+00 1.466376737067556480e-05 7.681389165455377861e-06
3.479999999999999982e+00 1.626920741413404129e-05 8.855711021949599145e-06
3.540000000000000036e+00 1.793312388427239406e-05 1.013682452721354358e-05
3.599999999999999645e+00 1.963596502517588320e-05 1.152725796084720036e-05
3.659999999999999698e+00 2.140760577869130533e-05 1.302125760876918185e-05
3.719999999999999751e+00 2.330956288373966953e-05 1.460840671782985373e-05
3.779999999999999805e+00 2.538320082616883627e-05 1.628101876950953210e-05
3.839999999999999858e+00 2.762868619574746111e-05 1.803432100953109786e-05
3.899999999999999911e+00 3.003111206248249395e-05 1.986331472378391564e-05
3.959999999999999964e+00 3.258383867106349427e-05 2.176719596239662244e-05
4.019999999999999574e+00 3.528121894848898108e-05 2.374819795140310275e-05
4.080000000000000071e+00 3.811235593693409161e-05 2.580206781058602542e-05
4.139999999999999680e+00 4.107757936284783069e-05 2.792719503716602241e-05
4.200000000000000178e+00 4.418208131469860463e-05 3.012825674996455087e-05
4.259999999999999787e+00 4.741483426934351266e-05 3.240167303505913206e-05
4.320000000000000284e+00 5.077280794294608806e-05 3.474442391178411173e-05
4.379999999999999893e+00 5.426832909927723804e-05 3.716088626853049164e-05
4.439999999999999503e+00 5.789306900116899179e-05 3.965072652972968299e-05
4.500000000000000000e+00 6.163635668958938147e-05 4.221102309008570373e-05
4.559999999999999609e+00 6.551156261005969912e-05 4.484213251029205448e-05
4.620000000000000107e+00 6.951947442943043017e-05 4.754758844455075380e-05
4.679999999999999716e+00 7.364492146624152804e-05 5.032799361726854922e-05
4.740000000000000213e+00 7.789309281717191145e-05 5.317822176017081217e-05
4.799999999999999822e+00 8.227416107210575903e-05 5.610200363836631370e-05
4.859999999999999432e+00 8.677510566628822788e-05 5.910695371524402595e-05
4.919999999999999929e+00 9.139041522292688736e-05 6.218538240971844926e-05
4.979999999999999538e+00 9.613556140048993876e-05 6.533543094041449433e-05
5.040000000000000036e+00 1.010026891323643117e-04 6.857168844344398075e-05
5.099999999999999645e+00 1.059750446672735294e-04 7.188959832915079438e-05
5.160000000000000142e+00 1.110684306184686864e-04 7.527931624685309524e-05
5.219999999999999751e+00 1.162884838947573346e-04 7.875738543901211958e-05
5.279999999999999361e+00 1.216084516128049242e-04 8.232617348063771669e-05
5.339999999999999858e+00 1.270274786213175077e-04 8.597168366961283222e-05
5.399999999999999467e+00 1.325671861575240405e-04 8.970586392583336077e-05
5.459999999999999964e+00 1.382126647097641707e-04 9.353643148046827808e-05
5.519999999999999574e+00 1.439367369651706641e-04 9.745178549421383454e-05
5.580000000000000071e+00 1.497505709930078478e-04 1.014572665170471616e-04
5.639999999999999680e+00 1.556636118634121537e-04 1.055599597536988749e-04
5.700000000000000178e+00 1.616468847213548151e-04 1.097511431115889315e-04
5.759999999999999787e+00 1.676874794092821520e-04 1.140288550908203757e-04
5.819999999999999396e+00 1.737946147601289351e-04 1.183870491903753143e-04
5.879999999999999893e+00 1.799469963930267358e-04 1.227993259473583927e-04
5.939999999999999503e+00 1.861238717410364056e-04 1.272346763972246838e-04
6.000000000000000000e+00 1.923321233685250050e-04 1.316540839708179938e-04
6.059999999999999609e+00 1.985641647050074231e-04 1.360784186285901066e-04
6.120000000000000107e+00 2.048599901435782641e-04 1.408433666297228984e-04
6.179999999999999716e+00 2.115102723452351625e-04 1.469084216012166762e-04
6.240000000000000213e+00 2.192211475826655917e-04 1.559680101737346116e-04
6.299999999999999822e+00 2.289207564708661423e-04 1.699686584525784278e-04
6.359999999999999432e+00 2.409054762442576784e-04 1.895470412081786673e-04
6.419999999999999929e+00 2.538853843792450936e-04 2.119990055550043876e-04
6.479999999999999538e+00 2.653806039416172673e-04 2.314157461655678700e-04
6.540000000000000036e+00 2.734574780246678714e-04 2.425296640823035061e-04
6.599999999999999645e+00 2.776588607220858529e-04 2.445064323447984373e-04
6.660000000000000142e+00 2.786801208498241342e-04 2.403615425393104861e-04
6.719999999999999751e+00 2.783084516618944686e-04 2.340362167244072669e-04
6.779999999999999361e+00 2.791105636054521874e-04 2.287048942461079740e-04
6.839999999999999858e+00 2.830525170501943803e-04 2.262373090658882885e-04
6.899999999999999467e+00 2.906352379900126507e-04 2.271237283226863410e-04
6.959999999999999964e+00 3.014281620650943782e-04 2.309665435434316830e-04
7.019999999999999574e+00 3.148729291602425651e-04 2.372381856630800920e-04
7.080000000000000071e+00 3.306125268982320069e-04 2.457147973974318968e-04
7.139999999999999680e+00 3.485771775852834807e-04 2.564743603996449397e-04
7.199999999999999289e+00 3.690678119477105047e-04 2.699152400042414903e-04
7.259999999999999787e+00 3.927211582268368617e-04 2.866591959949571153e-04
7.319999999999999396e+00 4.199270318558176321e-04 3.066393466033416658e-04
7.379999999999999893e+00 4.494605145414452005e-04 3.278835898959904039e-04
7.439999999999999503e+00 4.776185762951258443e-04 3.467514804588876960e-04
7.500000000000000000e+00 5.000256646477167170e-04 3.602428214452179289e-04
7.559999999999999609e+00 5.150218816258822713e-04 3.681721691795171816e-04
7.620000000000000107e+00 5.245018759438969773e-04 3.727098867333190815e-04
7.679999999999999716e+00 5.315600258039061441e-04 3.761685135421142362e-04
7.739999999999999325e+00 5.382765394665329356e-04 3.797822553991578266e-04
7.799999999999999822e+00 5.453672258051184708e-04 3.839534470568266994e-04
7.859999999999999432e+00 5.528552383208012360e-04 3.886749347940625637e-04
7.919999999999999929e+00 5.606684791612119622e-04 3.937972460115182153e-04
7.979999999999999538e+00 5.688787146481009884e-04 3.991924811063629012e-04
8.039999999999999147e+00 5.776738659114182082e-04 4.048002664782835314e-04
8.099999999999999645e+00 5.871254283130829992e-04 4.107268792104152308e-04
8.160000000000000142e+00 5.971157512923753758e-04 4.172159819421939744e-04
8.219999999999998863e+00 6.075166105657469435e-04 4.244924938838251678e-04
8.279999999999999361e+00 6.182958807625373813e-04 4.327241091193400821e-04
8.339999999999999858e+00 6.295147686384577499e-04 4.420064998714109158e-04
8.400000000000000355e+00 6.412694071058249378e-04 4.523657173768052945e-04
8.459999999999999076e+00 6.536390600310475370e-04 4.638771017897771998e-04
8.519999999999999574e+00 6.667242124485214978e-04 4.767072861160514662e-04
8.580000000000000071e+00 6.806575844978974416e-04 4.910150510189512443e-04
8.640000000000000568e+00 6.955640732913248017e-04 5.069515611316673413e-04
8.699999999999999289e+00 7.116220876984800676e-04 5.247110893706272974e-04
8.759999999999999787e+00 7.291232204793272106e-04 5.442682548162142316e-04
8.820000000000000284e+00 7.484017153245913281e-04 5.650709274865127040e-04
8.879999999999999005e+00 7.697980257863446625e-04 5.864090673900998777e-04
8.939999999999999503e+00 7.935436114037161363e-04 6.081072589098868945e-04
9.000000000000000000e+00 8.196211579882793381e-04 6.307360658011475305e-04
9.060000000000000497e+00 8.481044872472350959e-04 6.554680847477231415e-04
9.119999999999999218e+00 8.796595294250643101e-04 6.837778730432447901e-04
9.179999999999999716e+00 9.153351250953432406e-04 7.167889532173569306e-04
9.240000000000000213e+00 9.556657573829461464e-04 7.544881943264587776e-04
9.299999999999998934e+00 1.000151424887128424e-03 7.957340446279305641e-04
9.359999999999999432e+00 1.047789840466326668e-03 8.393119080472490751e-04
9.419999999999999929e+00 1.097876846195537485e-03 8.845561082417995220e-04
9.480000000000000426e+00 1.150090288989884420e-03 9.309640853501935463e-04
9.539999999999999147e+00 1.203878308839283814e-03 9.781215878908863445e-04
9.599999999999999645e+00 1.258063009798978489e-03 1.025863464096127319e-03
9.660000000000000142e+00 1.311608348428576487e-03 1.073887352117668722e-03
9.719999999999998863e+00 1.364788605393554323e-03 1.121937158471760388e-03
9.779999999999999361e+00 1.419058365442245860e-03 1.170993572644793293e-03
9.839999999999999858e+00 1.475985262435076679e-03 1.223639995957354239e-03
9.900000000000000355e+00 1.536779419749924542e-03 1.282577361793124995e-03
9.959999999999999076e+00 1.602545460222136800e-03 1.348850068918274478e-03
1.001999999999999957e+01 1.674617839808679835e-03 1.421696989356141354e-03
1.008000000000000007e+01 1.754704751910840174e-03 1.499258511330626552e-03
1.013999999999999879e+01 1.844696958202056598e-03 1.578367942005242481e-03
1.019999999999999929e+01 1.946006787339834513e-03 1.654802167602789642e-03
1.025999999999999979e+01 2.058706788576093738e-03 1.726582221540087217e-03
1.032000000000000028e+01 2.181257656034147827e-03 1.797814580553083914e-03
1.037999999999999901e+01 2.310987204340661169e-03 1.876641514506848874e-03
1.043999999999999950e+01 2.444184331075438185e-03 1.967361020682689005e-03
1.050000000000000000e+01 2.575511536701886005e-03 2.064794328432356402e-03
1.055999999999999872e+01 2.699229704536980010e-03 2.156913578644352805e-03
1.061999999999999922e+01 2.813805528034762568e-03 2.234494438964753932e-03
1.067999999999999972e+01 2.925100479284503500e-03 2.298533709213751268e-03
1.074000000000000021e+01 3.042635883672853772e-03 2.356092313103265272e-03
1.079999999999999893e+01 3.171066944252689656e-03 2.410440772709065808e-03
1.085999999999999943e+01 3.301512985683810984e-03 2.459459867205563213e-03
1.091999999999999993e+01 3.410369161875413148e-03 2.502885099118348344e-03
1.098000000000000043e+01 3.477111287799612011e-03 2.547828346465803341e-03
1.103999999999999915e+01 3.510264402588114240e-03 2.607271625717977846e-03
1.109999999999999964e+01 3.548912244860702881e-03 2.694714701505610075e-03
1.116000000000000014e+01 3.637822388917325619e-03 2.821357232639428152e-03
1.121999999999999886e+01 3.810992261389921885e-03 2.999594593565250728e-03
1.127999999999999936e+01 4.100058316046796547e-03 3.249029226434657983e-03
1.133999999999999986e+01 4.541447896822160477e-03 3.599619414450660072e-03
1.140000000000000036e+01 5.132619323668011387e-03 4.081290307681436323e-03
1.145999999999999908e+01 5.730366641290562946e-03 4.665258658369586531e-03
1.151999999999999957e+01 6.029452744105864848e-03 5.171028045201270067e-03
1.158000000000000007e+01 5.785489694263171688e-03 5.309147536554585656e-03
1.163999999999999879e+01 5.092478808978010557e-03 4.948261517259265607e-03
1.169999999999999929e+01 4.307175322651901617e-03 4.287252052120846778e-03
1.175999999999999979e+01 3.700255727400099306e-03 3.653187445389211203e-03
1.182000000000000028e+01 3.305031450386081669e-03 3.216607140024975355e-03
1.187999999999999901e+01 3.046201749957787829e-03 2.967388518056880437e-03
1.193999999999999950e+01 2.871371827996425062e-03 2.844679619715704232e-03
1.200000000000000000e+01 2.768620705609389342e-03 2.808722988946490279e-03
1.205999999999999872e+01 2.741977641719002198e-03 2.833296737957982821e-03
1.211999999999999922e+01 2.793280355810589741e-03 2.881431887796270797e-03
1.217999999999999972e+01 2.905894272696526830e-03 2.902784879844016921e-03
1.224000000000000021e+01 3.034694303222788565e-03 2.859319410176842068e-03
1.229999999999999893e+01 3.119693656009905891e-03 2.754348771960957176e-03
1.235999999999999943e+01 3.118776500182285534e-03 2.628388829474821459e-03
1.241999999999999993e+01 3.032934674656457587e-03 2.522998850120834226e-03
1.248000000000000043e+01 2.900880458410893658e-03 2.452134108918938016e-03
1.253999999999999915e+01 2.765145053297968572e-03 2.404212931426515966e-03
1.259999999999999964e+01 2.644083374396848356e-03 2.361133237583825512e-03
1.266000000000000014e+01 2.535389411888988066e-03 2.311741776032672554e-03
1.271999999999999886e+01 2.435009433689815095e-03 2.253232431167853135e-03
1.277999999999999936e+01 2.347057039168174396e-03 2.187434142752849725e-03
1.283999999999999986e+01 2.279631048207375003e-03 2.118481593085734353e-03
1.290000000000000036e+01 2.234145704788082810e-03 2.052118726877296545e-03
1.295999999999999908e+01 2.201023107938560736e-03 1.993022781514031984e-03
1.301999999999999957e+01 2.167061024820945720e-03 1.942012228522186756e-03
1.308000000000000007e+01 2.125979926922779047e-03 1.897048764943414087e-03
1.313999999999999879e+01 2.080938203251332923e-03 1.855031684865654246e-03
1.319999999999999929e+01 2.037305353263033081e-03 1.814232076605979630e-03
1.325999999999999979e+01 1.995738160507183005e-03 1.776251865202685062e-03
1.332000000000000028e+01 1.953235866791847714e-03 1.743385016077018479e-03
1.337999999999999901e+01 1.907632464274464394e-03 1.716399638334701683e-03
1.343999999999999950e+01 1.859406388920348914e-03 1.694534161759712106e-03
1.350000000000000000e+01 1.810499401219797539e-03 1.675366958359799036e-03
1.355999999999999872e+01 1.762187157198903762e-03 1.657803843234535810e-03
1.361999999999999922e+01 1.714644361296660102e-03 1.642431045203727015e-03
1.367999999999999972e+01 1.668378528265624695e-03 1.626382170963485124e-03
1.374000000000000021e+01 1.624608222692968708e-03 1.605413560044957871e-03
1.379999999999999893e+01 1.584941913901821275e-03 1.580086195880786061e-03
1.385999999999999943e+01 1.551479652997166028e-03 1.553510472380432647e-03
1.391999999999999993e+01 1.524882392336713872e-03 1.528294305797010030e-03
1.397999999999999865e+01 1.502205872889591501e-03 1.507222423009875077e-03
1.403999999999999915e+01 1.479286541657952011e-03 1.491146402026290781e-03
1.409999999999999964e+01 1.454654086754841478e-03 1.478621579936559120e-03
1.416000000000000014e+01 1.429438532159450510e-03 1.468071394488554716e-03
1.421999999999999886e+01 1.404953087726231245e-03 1.455964148346541778e-03
1.427999999999999936e+01 1.380858633221523609e-03 1.438135328918907843e-03
1.433999999999999986e+01 1.354263648976302900e-03 1.415869515523077507e-03
1.439999999999999858e+01 1.322376144721489673e-03 1.393817375203158359e-03
1.445999999999999908e+01 1.287376713661693125e-03 1.373899737177909468e-03
1.451999999999999957e+01 1.255665301444914379e-03 1.356823543213415062e-03
1.458000000000000007e+01 1.231845828672049241e-03 1.343743619728803755e-03
1.463999999999999879e+01 1.215883649414135383e-03 1.334092506331239786e-03
1.469999999999999929e+01 1.204790956865706315e-03 1.327489729513376630e-03
1.475999999999999979e+01 1.195067839521837209e-03 1.325554317156444391e-03
1.482000000000000028e+01 1.184849669661921807e-03 1.328308354776034771e-03
1.487999999999999901e+01 1.174369356050495271e-03 1.333251231492433870e-03
1.493999999999999950e+01 1.164007443256829134e-03 1.337876700731678841e-03
1.500000000000000000e+01 1.153663379488531178e-03 1.339244439936818163e-03
1.505999999999999872e+01 1.144144959217711270e-03 1.334411181452897603e-03
1.511999999999999922e+01 1.136064397156214814e-03 1.323844615845945222e-03
1.517999999999999972e+01 1.127882698633951445e-03 1.311418704698232018e-03
1.524000000000000021e+01 1.118452364478564331e-03 1.301406533704915942e-03
1.529999999999999893e+01 1.109715345426716578e-03 1.296805050059920235e-03
1.535999999999999943e+01 1.104052263224384461e-03 1.297268137537510319e-03
1.541999999999999993e+01 1.101531159498251623e-03 1.298469256469736519e-03
1.547999999999999865e+01 1.100894706873497501e-03 1.296914326663553552e-03
1.553999999999999915e+01 1.100764605541301299e-03 1.293338889504989410e-03
1.559999999999999964e+01 1.100090882587795782e-03 1.289530582045972287e-03
1.566000000000000014e+01 1.098876679410502617e-03 1.286049866254196459e-03
1.571999999999999886e+01 1.098093755695745636e-03 1.283733123050823880e-03
1.577999999999999936e+01 1.099349491825716337e-03 1.283943076464469151e-03
1.583999999999999986e+01 1.105064949559725991e-03 1.287939248973877637e-03
1.589999999999999858e+01 1.117235263266035117e-03 1.296792933419005671e-03
1.595999999999999908e+01 1.135611095713851037e-03 1.309986330228719983e-03
1.601999999999999957e+01 1.158470082747770210e-03 1.325067829448351451e-03
1.607999999999999829e+01 1.184208418943673118e-03 1.340357185927161174e-03
1.614000000000000057e+01 1.210724274062773172e-03 1.356358427686489305e-03
1.619999999999999929e+01 1.234843507001666570e-03 1.374449745820120750e-03
1.625999999999999801e+01 1.253803512823652199e-03 1.396364410190356923e-03
1.632000000000000028e+01 1.266724768988685334e-03 1.424538603418559844e-03
1.637999999999999901e+01 1.274844505893709323e-03 1.460683826801770658e-03
1.643999999999999773e+01 1.280899456199842716e-03 1.502556287117737949e-03
1.650000000000000000e+01 1.287756552877523421e-03 1.542811956425321372e-03
1.655999999999999872e+01 1.297255234497155397e-03 1.573924198656108690e-03
1.662000000000000099e+01 1.310323389719944640e-03 1.595167627808622562e-03
1.667999999999999972e+01 1.327934706895891447e-03 1.613037485492927001e-03
1.673999999999999844e+01 1.351975459274644409e-03 1.635522646488027755e-03
1.680000000000000071e+01 1.385928877278944614e-03 1.669278125589033915e-03
1.685999999999999943e+01 1.434970093561893081e-03 1.722326336896851714e-03
1.691999999999999815e+01 1.503093356528537646e-03 1.803354292574868047e-03
1.698000000000000043e+01 1.586829762878374291e-03 1.913754703609172377e-03
1.703999999999999915e+01 1.673188929198399580e-03 2.043473669708770722e-03
1.709999999999999787e+01 1.750601571612624922e-03 2.177446366232706470e-03
1.716000000000000014e+01 1.823220202568992575e-03 2.301259250872916134e-03
1.721999999999999886e+01 1.907808343604876743e-03 2.397345218108423628e-03
1.728000000000000114e+01 2.014705546814058758e-03 2.445768650970665467e-03
1.733999999999999986e+01 2.135245455764159077e-03 2.438896555305965566e-03
1.739999999999999858e+01 2.248503048193234780e-03 2.389103493022687406e-03
1.746000000000000085e+01 2.336082563367546799e-03 2.315691041316746829e-03
1.751999999999999957e+01 2.380211393701026773e-03 2.225501889409280988e-03
1.757999999999999829e+01 2.349855713940964159e-03 2.106917177813358473e-03
1.764000000000000057e+01 2.219105440335389107e-03 1.949822388356316216e-03
1.769999999999999929e+01 2.011793676762242602e-03 1.773439524103967175e-03
1.775999999999999801e+01 1.795846249070082515e-03 1.620627043858167016e-03
1.782000000000000028e+01 1.622491543960295204e-03 1.520521887414189813e-03
1.787999999999999901e+01 1.496489393370185970e-03 1.464892707575163149e-03
1.793999999999999773e+01 1.401641799011325113e-03 1.421469256060777907e-03
1.800000000000000000e+01 1.328071348336900669e-03 1.366565280939325763e-03
1.805999999999999872e+01 1.273497250000155947e-03 1.302606241060580775e-03
1.812000000000000099e+01 1.233920105984067338e-03 1.245745526294836196e-03
1.817999999999999972e+01 1.202193450999915203e-03 1.205814542225966315e-03
1.823999999999999844e+01 1.175722802849353543e-03 1.183614190848911911e-03
1.830000000000000071e+01 1.159998487419252287e-03 1.178195590385500190e-03
1.835999999999999943e+01 1.161391547413332661e-03 1.188111310256144935e-03
1.841999999999999815e+01 1.179623917524506328e-03 1.209656459793894724e-03
1.848000000000000043e+01 1.208971840789836499e-03 1.238029053603278582e-03
1.853999999999999915e+01 1.243661286416079727e-03 1.270246853287385676e-03
1.859999999999999787e+01 1.280452871609433999e-03 1.306520366242278075e-03
1.866000000000000014e+01 1.318945584310470638e-03 1.348894561805531571e-03
1.871999999999999886e+01 1.361150069625472045e-03 1.400427929972087281e-03
1.877999999999999758e+01 1.409443419499069403e-03 1.463660995960592301e-03
1.883999999999999986e+01 1.465376358352027527e-03 1.537796879508224407e-03
1.889999999999999858e+01 1.529418755292878858e-03 1.618142888812516139e-03
1.896000000000000085e+01 1.600085115495823631e-03 1.694223408243995376e-03
1.901999999999999957e+01 1.675080406949722850e-03 1.751437604790044003e-03
1.907999999999999829e+01 1.752222533199186520e-03 1.784767049077128249e-03
1.914000000000000057e+01 1.825796971112931795e-03 1.807153272561795978e-03
1.919999999999999929e+01 1.884311460884266140e-03 1.837051507360882175e-03
1.925999999999999801e+01 1.919205293727096031e-03 1.879940907050673586e-03
1.932000000000000028e+01 1.935507961570322654e-03 1.925002652221546179e-03
1.937999999999999901e+01 1.950254195076436999e-03 1.960456826098450674e-03
1.943999999999999773e+01 1.983109756164705764e-03 1.987101479922361198e-03
1.950000000000000000e+01 2.044434657208154572e-03 2.013664383043372707e-03
1.955999999999999872e+01 2.128249186750082005e-03 2.047390974467757415e-03
1.962000000000000099e+01 2.218649564846243618e-03 2.091059757640891144e-03
1.967999999999999972e+01 2.299971599799436727e-03 2.142821476301184740e-03
1.973999999999999844e+01 2.361430841015087732e-03 2.198373746687484840e-03
1.980000000000000071e+01 2.398597537433561338e-03 2.251567447779442756e-03
1.985999999999999943e+01 2.414151647894244562e-03 2.295995863860336890e-03
1.991999999999999815e+01 2.413935762499196461e-03 2.332544406122506048e-03
1.998000000000000043e+01 2.396952395683672396e-03 2.371273262377027354e-03
2.003999999999999915e+01 2.350090777661910119e-03 2.423803774153938419e-03
2.009999999999999787e+01 2.257252508642958004e-03 2.493398189162620866e-03
2.016000000000000014e+01 2.117784242986276225e-03 2.565310110722319667e-03
2.021999999999999886e+01 1.955738464361338278e-03 2.605227587603437586e-03
2.027999999999999758e+01 1.807784865769676650e-03 2.575048455686357058e-03
2.033999999999999986e+01 1.700914290495170005e-03 2.456317798002294415e-03
2.039999999999999858e+01 1.641962897504275175e-03 2.264365428776808284e-03
2.046000000000000085e+01 1.623807233137155095e-03 2.051972616082843592e-03
2.051999999999999957e+01 1.634093044484346852e-03 1.889888008742098349e-03
2.057999999999999829e+01 1.661233133632034932e-03 1.822713039346075554e-03
2.064000000000000057e+01 1.702213502149336165e-03 1.848030688222922083e-03
2.069999999999999929e+01 1.763631513038444506e-03 1.934517565280443729e-03
2.075999999999999801e+01 1.844844221209250134e-03 2.041437146122978413e-03
2.082000000000000028e+01 1.920619098950242243e-03 2.131766229116354577e-03
2.087999999999999901e+01 1.955349611800209775e-03 2.191537735645466764e-03
2.093999999999999773e+01 1.938421174920130097e-03 2.236703882712493419e-03
2.100000000000000000e+01 1.892618022175188326e-03 2.295444418009618889e-03
2.105999999999999872e+01 1.848039177407670691e-03 2.390140089679102485e-03
2.111999999999999744e+01 1.819547965127446629e-03 2.535439556173597203e-03
2.117999999999999972e+01 1.806061838647917686e-03 2.742642832048051114e-03
2.123999999999999844e+01 1.800422423374488769e-03 3.019925599383390703e-03
2.130000000000000071e+01 1.796780680622121372e-03 3.359418166636412434e-03
2.135999999999999943e+01 1.790819475076782952e-03 3.706428084633874454e-03
2.141999999999999815e+01 1.777618771179745837e-03 3.956623572754988660e-03
2.148000000000000043e+01 1.754238252831253307e-03 4.034020769343229021e-03
2.153999999999999915e+01 1.724038901466181219e-03 3.965924915716568556e-03
2.159999999999999787e+01 1.694090521538659357e-03 3.833331664140542626e-03
2.166000000000000014e+01 1.667016808897362617e-03 3.673843399170211629e-03
2.171999999999999886e+01 1.635346987595330146e-03 3.482865151630318463e-03
2.177999999999999758e+01 1.579079616311965598e-03 3.271182968850260518e-03
2.183999999999999986e+01 1.467100379858120481e-03 3.053708261031047068e-03
2.189999999999999858e+01 1.276363477367793708e-03 2.801468905280045038e-03
2.196000000000000085e+01 1.027532976430425501e-03 2.475879488421499700e-03
2.201999999999999957e+01 7.883756214025974688e-04 2.107162703145832022e-03
2.207999999999999829e+01 6.195302925936313704e-04 1.782316807805987401e-03
2.214000000000000057e+01 5.284234252024375827e-04 1.558976335569123382e-03
2.219999999999999929e+01 4.857959865132356505e-04 1.427836177353795314e-03
2.225999999999999801e+01 4.647364431630292671e-04 1.348164929606604371e-03
2.232000000000000028e+01 4.534139511838316270e-04 1.290230450591087945e-03
2.237999999999999901e+01 4.476131025106413314e-04 1.245739032635228768e-03
2.243999999999999773e+01 4.445632246393866065e-04 1.217580055292066289e-03
2.250000000000000000e+01 4.426609296979923044e-04 1.210941387778300673e-03
2.255999999999999872e+01 4.424382647006496047e-04 1.231957355231940972e-03
2.261999999999999744e+01 4.458475029789898676e-04 1.286595322149495201e-03
2.267999999999999972e+01 4.540878035239294050e-04 1.376926470981611455e-03
2.273999999999999844e+01 4.653623631509694542e-04 1.498159358740063039e-03
2.280000000000000071e+01 4.748288550908023658e-04 1.634676792909067235e-03
2.285999999999999943e+01 4.783730734398469048e-04 1.756339274936558103e-03
2.291999999999999815e+01 4.762876595616549009e-04 1.829041647451395448e-03
2.298000000000000043e+01 4.713649967590299102e-04 1.838003714765104688e-03
2.303999999999999915e+01 4.653295120648507028e-04 1.790879014203251201e-03
2.309999999999999787e+01 4.600284728233734115e-04 1.693201205166782516e-03
2.316000000000000014e+01 4.592826612675248799e-04 1.540052269936700467e-03
2.321999999999999886e+01 4.664290254858515232e-04 1.340410906839943628e-03
2.327999999999999758e+01 4.818523173818333328e-04 1.131782685002341539e-03
2.333999999999999986e+01 5.040053735200570846e-04 9.608945892052354974e-04
2.339999999999999858e+01 5.299167978576880796e-04 8.562528663854565960e-04
2.346000000000000085e+01 5.531445905104465186e-04 8.194445252260984091e-04
2.351999999999999957e+01 5.647122673111635302e-04 8.349569923912112876e-04
2.357999999999999829e+01 5.590801826742758732e-04 8.826472406925231712e-04
2.364000000000000057e+01 5.378152058291836395e-04 9.432216157642594068e-04
2.369999999999999929e+01 5.070643846403603567e-04 1.001403100454185654e-03
2.375999999999999801e+01 4.735591299486324995e-04 1.048679702056035546e-03
2.382000000000000028e+01 4.423170923703433760e-04 1.079046241557351550e-03
2.387999999999999901e+01 4.155057141015887747e-04 1.083546829368758468e-03
2.393999999999999773e+01 3.936534177728848562e-04 1.056937803414420042e-03
2.400000000000000000e+01 3.800772642450981741e-04 1.006710324063576174e-03
2.405999999999999872e+01 3.845702698469295093e-04 9.470643874249973140e-04
2.411999999999999744e+01 4.196717025429620523e-04 8.868459725705833512e-04
2.417999999999999972e+01 4.875997149252949813e-04 8.282364089880550010e-04
2.423999999999999844e+01 5.682158849505484490e-04 7.731652829736237282e-04
2.430000000000000071e+01 6.256326373917011491e-04 7.254917812960234120e-04
2.435999999999999943e+01 6.349968353185973628e-04 6.867763259096375467e-04
2.441999999999999815e+01 6.023518915953792255e-04 6.529983567960495313e-04
2.448000000000000043e+01 5.543403491982755015e-04 6.173128272157807524e-04
2.453999999999999915e+01 5.142926797705111089e-04 5.758941725542169807e-04
2.459999999999999787e+01 4.925594141138489503e-04 5.306042996933381297e-04
2.466000000000000014e+01 4.897378482092300299e-04 4.861574541658513849e-04
2.471999999999999886e+01 5.000012163043940187e-04 4.459744407272476889e-04
2.477999999999999758e+01 5.144671077389732393e-04 4.112868479505733289e-04
2.483999999999999986e+01 5.261920038777485788e-04 3.825141378185155285e-04
2.489999999999999858e+01 5.321084850853324659e-04 3.601580530292731552e-04
2.496000000000000085e+01 5.311616712367374631e-04 3.449258862837619789e-04
2.501999999999999957e+01 5.234297291222225106e-04 3.373589303168432604e-04
2.507999999999999829e+01 5.110715254207629822e-04 3.368647174941413898e-04
2.514000000000000057e+01 4.977172224281485504e-04 3.412866411175018589e-04
2.519999999999999929e+01 4.861788226662047230e-04 3.478939270590318067e-04
2.525999999999999801e+01 4.773574146649369127e-04 3.545847786280559299e-04
2.532000000000000028e+01 4.709341565620516813e-04 3.600006882026681072e-04
2.537999999999999901e+01 4.663182370536653426e-04 3.625493681793196476e-04
2.543999999999999773e+01 4.630390803312103214e-04 3.593921832716148344e-04
2.550000000000000000e+01 4.607946292347988616e-04 3.474921660261703232e-04
2.555999999999999872e+01 4.594227816352280253e-04 3.268647179487995389e-04
2.561999999999999744e+01 4.588349885380836168e-04 3.019109043749631702e-04
2.567999999999999972e+01 4.589770954407008138e-04 2.783063522648849338e-04
2.573999999999999844e+01 4.598235710088605750e-04 2.591957877025749752e-04
2.580000000000000071e+01 4.613531248673780603e-04 2.446979476358702109e-04
2.585999999999999943e+01 4.635562367428840906e-04 2.337122235771150341e-04
2.591999999999999815e+01 4.664397518490876783e-04 2.252717950286736237e-04
2.598000000000000043e+01 4.700083212673624345e-04 2.187804142109740758e-04
2.603999999999999915e+01 4.742842665063370195e-04 2.138948252322877598e-04
2.609999999999999787e+01 4.793028351936866435e-04 2.104265402140925289e-04
2.616000000000000014e+01 4.851017350034515915e-04 2.082581463376030162e-04
2.621999999999999886e+01 4.917501866338726355e-04 2.073302201354360118e-04
2.627999999999999758e+01 4.993390983797501041e-04 2.076514940641725705e-04
2.633999999999999986e+01 5.079908391721437138e-04 2.092696927452713488e-04
2.639999999999999858e+01 5.178847749846819280e-04 2.122872944538093938e-04
2.645999999999999730e+01 5.292304033977551954e-04 2.168731880706282393e-04
2.651999999999999957e+01 5.422993704260746809e-04 2.232491153935472193e-04
2.657999999999999829e+01 5.574918900025171249e-04 2.317793970391561552e-04
2.664000000000000057e+01 5.754494542256666408e-04 2.431056920745568672e-04
2.669999999999999929e+01 5.973386991627605567e-04 2.583597833959076035e-04
2.675999999999999801e+01 6.250142561958361553e-04 2.793141369333594702e-04
2.682000000000000028e+01 6.601734429160736189e-04 3.074481792813380269e-04
2.687999999999999901e+01 7.014745118140048056e-04 3.412331129195740045e-04
2.693999999999999773e+01 7.416035762765497757e-04 3.740056227726195606e-04
2.700000000000000000e+01 7.699526877656150386e-04 3.969771615443820015e-04
2.705999999999999872e+01 7.807473444272546590e-04 4.061493612825637788e-04
2.711999999999999744e+01 7.770870001923198831e-04 4.048058487531128744e-04
2.717999999999999972e+01 7.663893798782949688e-04 3.990860275572258092e-04
2.723999999999999844e+01 7.542704213129253297e-04 3.933023730077238257e-04
2.730000000000000071e+01 7.430017426557470901e-04 3.891095715489197417e-04
2.735999999999999943e+01 7.329796826696816656e-04 3.867516687776073603e-04
2.741999999999999815e+01 7.240377757868664624e-04 3.861784882004453356e-04
2.748000000000000043e+01 7.159962670708708374e-04 3.875037020331247549e-04
2.753999999999999915e+01 7.088091779064238825e-04 3.911474574256122543e-04
2.759999999999999787e+01 7.026115917965664081e-04 3.978108617394527052e-04
2.766000000000000014e+01 6.977455080986313604e-04 4.081517980896174399e-04
2.771999999999999886e+01 6.945355720928043670e-04 4.220769119956341926e-04
2.777999999999999758e+01 6.928348257256055406e-04 4.375993008925364142e-04
2.783999999999999986e+01 6.916210012561537206e-04 4.503593228072723430e-04
2.789999999999999858e+01 6.892844416473962489e-04 4.559132472998219071e-04
2.795999999999999730e+01 6.848420520248814326e-04 4.538618759700247169e-04
2.801999999999999957e+01 6.788369492056325416e-04 4.487561958566627270e-04
2.807999999999999829e+01 6.727060265216558768e-04 4.461018372790737812e-04
2.814000000000000057e+01 6.672622548141620216e-04 4.482602299689738439e-04
2.819999999999999929e+01 6.618572158976873850e-04 4.531673360842058008e-04
2.825999999999999801e+01 6.546728701819339111e-04 4.547473842266354003e-04
2.832000000000000028e+01 6.439162159340734845e-04 4.459767358870989247e-04
2.837999999999999901e+01 6.294658210752356389e-04 4.248468462697239391e-04
2.843999999999999773e+01 6.133138025951768296e-04 3.969476597032685545e-04
2.850000000000000000e+01 5.979692531186463298e-04 3.704404033004722661e-04
2.855999999999999872e+01 5.846983090654885116e-04 3.498420816034089826e-04
2.861999999999999744e+01 5.734034062453508343e-04 3.353206029158882300e-04
2.867999999999999972e+01 5.635076888338263340e-04 3.253975995389525025e-04
2.873999999999999844e+01 5.545799780491522234e-04 3.188006042278515605e-04
2.879999999999999716e+01 5.464806655694486341e-04 3.147433274047339987e-04
2.885999999999999943e+01 5.392185003188568193e-04 3.126073996892019934e-04
2.891999999999999815e+01 5.327710325491467804e-04 3.117728585744671465e-04
2.898000000000000043e+01 5.273849219243939134e-04 3.120229917735601027e-04
2.903999999999999915e+01 5.242594308042291054e-04 3.141843373127483296e-04
2.909999999999999787e+01 5.251967513862613882e-04 3.200920616776344735e-04
2.916000000000000014e+01 5.309331770253211940e-04 3.319551434766043925e-04
2.921999999999999886e+01 5.403024553413478433e-04 3.517072910511474153e-04
2.927999999999999758e+01 5.512588466816656417e-04 3.800760709571500656e-04
2.933999999999999986e+01 5.622121188897247560e-04 4.152786588128531118e-04
2.939999999999999858e+01 5.725734312662627678e-04 4.520758121352882433e-04
2.945999999999999730e+01 5.827674751294879309e-04 4.823740626389214341e-04
2.951999999999999957e+01 5.938660517260332559e-04 4.989624477393312177e-04
2.957999999999999829e+01 6.070381592514779556e-04 5.010070944565416916e-04
2.964000000000000057e+01 6.233893520590526099e-04 4.950303327460666303e-04
2.969999999999999929e+01 6.444421035602118999e-04 4.893392024159162615e-04
2.975999999999999801e+01 6.727171283456501649e-04 4.888852037792846715e-04
2.982000000000000028e+01 7.106748426295057819e-04 4.953677395094357051e-04
2.987999999999999901e+01 7.559178208013115144e-04 5.090799891913318827e-04
2.993999999999999773e+01 7.958355261699465340e-04 5.280385135306986388e-04
3.000000000000000000e+01 8.125506521731603021e-04 5.460211060562758989e-04
3.005999999999999872e+01 7.990389195775930709e-04 5.549248897138229488e-04
3.011999999999999744e+01 7.662017463885849354e-04 5.509407897788009319e-04
3.017999999999999972e+01 7.306805182357904802e-04 5.368332457709600221e-04
3.023999999999999844e+01 7.014626704041247111e-04 5.178712696621013941e-04
3.029999999999999716e+01 6.793297980306452558e-04 4.976890915234060938e-04
3.035999999999999943e+01 6.624000568614452945e-04 4.781188451018333809e-04
3.041999999999999815e+01 6.492460090623024737e-04 4.609344301681671209e-04
3.048000000000000043e+01 6.392810507154370655e-04 4.488185937205740319e-04
3.053999999999999915e+01 6.324544511306173051e-04 4.447474314123508327e-04
3.059999999999999787e+01 6.289432707000296380e-04 4.503502023753664339e-04
3.066000000000000014e+01 6.287449986948112938e-04 4.646981000904240556e-04
3.071999999999999886e+01 6.309645304912764752e-04 4.845016914588808499e-04
3.077999999999999758e+01 6.333926418940644685e-04 5.056660957625427454e-04
3.083999999999999986e+01 6.334460805457278222e-04 5.253352074274323649e-04
3.089999999999999858e+01 6.296033069224086674e-04 5.421945532265684715e-04
3.095999999999999730e+01 6.210936627726878307e-04 5.537426433843354711e-04
3.101999999999999957e+01 6.064695697106333751e-04 5.540139150532923714e-04
3.107999999999999829e+01 5.844940585152194352e-04 5.372952259541710889e-04
3.114000000000000057e+01 5.574721404841963702e-04 5.059303136279736648e-04
3.119999999999999929e+01 5.322084072737949274e-04 4.716413037852816180e-04
3.125999999999999801e+01 5.163315058056101511e-04 4.469714357179778116e-04
3.132000000000000028e+01 5.138397646629840661e-04 4.367904705565115592e-04
3.137999999999999901e+01 5.233739639213244241e-04 4.369524053883219240e-04
3.143999999999999773e+01 5.391357947587269769e-04 4.382588336168607795e-04
3.150000000000000000e+01 5.534211167046926890e-04 4.328317901079356783e-04
3.155999999999999872e+01 5.594768917761526461e-04 4.188920696168745754e-04
3.161999999999999744e+01 5.536901207589228465e-04 3.997889808099102738e-04
3.167999999999999972e+01 5.367601050203365609e-04 3.795209099449966834e-04
3.173999999999999844e+01 5.127453360369807912e-04 3.600281586078748564e-04
3.179999999999999716e+01 4.861404667846212953e-04 3.412322147412185833e-04
3.185999999999999943e+01 4.596718019949853256e-04 3.219152112258253881e-04
3.191999999999999815e+01 4.342310756039145510e-04 3.006473247972662544e-04
3.198000000000000043e+01 4.098094094544454122e-04 2.770258976574102344e-04
3.203999999999999915e+01 3.864328062430954277e-04 2.526722567856921659e-04
3.210000000000000142e+01 3.651681233939281838e-04 2.305482683130281700e-04
3.215999999999999659e+01 3.487414272176179043e-04 2.127789506835941048e-04
3.221999999999999886e+01 3.406945570645663517e-04 1.994823143081981328e-04
3.228000000000000114e+01 3.431568438075135595e-04 1.899173553676656917e-04
3.233999999999999631e+01 3.551624847971330602e-04 1.842301149437141228e-04
3.239999999999999858e+01 3.726143330987288912e-04 1.837949008132026862e-04
3.246000000000000085e+01 3.885085703676058756e-04 1.900069173042782684e-04
3.251999999999999602e+01 3.944776209699706049e-04 2.024980904036966390e-04
3.257999999999999829e+01 3.862574621606331532e-04 2.186002055028919125e-04
3.264000000000000057e+01 3.682777149626459152e-04 2.356178725242896125e-04
3.269999999999999574e+01 3.502778449630538108e-04 2.532537834717809916e-04
3.275999999999999801e+01 3.395691362068553251e-04 2.713759680535405097e-04
3.282000000000000028e+01 3.376741901472365992e-04 2.854629839462134049e-04
3.287999999999999545e+01 3.421933617236211844e-04 2.881167352353603776e-04
3.293999999999999773e+01 3.494227409356532752e-04 2.770307571979440981e-04
3.300000000000000000e+01 3.561499151727891082e-04 2.585421307475335197e-04
3.306000000000000227e+01 3.611181100307270502e-04 2.414216256464596800e-04
3.311999999999999744e+01 3.652268280090487660e-04 2.298730865780315952e-04
3.317999999999999972e+01 3.700418786382693361e-04 2.234808437427463195e-04
3.324000000000000199e+01 3.764194534566809658e-04 2.205742178996726631e-04
3.329999999999999716e+01 3.844489299921914540e-04 2.199137395899226910e-04
3.335999999999999943e+01 3.939388198013066278e-04 2.206078622585305239e-04
3.342000000000000171e+01 4.046461253713952736e-04 2.217692501569176928e-04
3.347999999999999687e+01 4.162246525493615290e-04 2.223381003612970839e-04
3.353999999999999915e+01 4.281801718048980094e-04 2.211369679310888007e-04
3.360000000000000142e+01 4.402043413371144729e-04 2.175663590235920350e-04
3.365999999999999659e+01 4.529907873622786318e-04 2.127792101025143695e-04
3.371999999999999886e+01 4.687674715813676851e-04 2.097621948840433666e-04
3.378000000000000114e+01 4.905659426577520851e-04 2.112929770590406579e-04
3.383999999999999631e+01 5.206146623456641819e-04 2.178786224214061536e-04
3.389999999999999858e+01 5.586842336718101385e-04 2.281244073742574961e-04
3.396000000000000085e+01 6.007271664102774951e-04 2.404794241909756253e-04
3.401999999999999602e+01 6.399261624136197424e-04 2.541529087506665162e-04
3.407999999999999829e+01 6.715628687783601301e-04 2.689684088497623854e-04
3.414000000000000057e+01 6.964034545819393178e-04 2.850084565374146495e-04
3.419999999999999574e+01 7.174039748766066621e-04 3.024467641903644689e-04
3.425999999999999801e+01 7.349759997509360248e-04 3.215115806666664616e-04
3.432000000000000028e+01 7.477232726916816776e-04 3.424982326398021701e-04
3.437999999999999545e+01 7.556917790826797295e-04 3.658036306556555674e-04
3.443999999999999773e+01 7.606713466095135334e-04 3.919996211027330186e-04
3.450000000000000000e+01 7.644414766487467663e-04 4.219945040093124470e-04
3.456000000000000227e+01 7.679191584497711441e-04 4.573397534449998242e-04
3.461999999999999744e+01 7.714184412700082240e-04 5.004245857049640939e-04
3.467999999999999972e+01 7.750255456392734967e-04 5.534859825918649057e-04
3.474000000000000199e+01 7.786424786646067202e-04 6.155369086711136913e-04
3.479999999999999716e+01 7.814476912100105617e-04 6.799063931600549462e-04
3.485999999999999943e+01 7.803554494378306394e-04 7.376761805553880670e-04
3.492000000000000171e+01 7.682356424686371350e-04 7.854299390163052823e-04
3.497999999999999687e+01 7.355757084677422937e-04 8.281661582188262500e-04
3.503999999999999915e+01 6.778975770239004540e-04 8.749312089783487477e-04
3.510000000000000142e+01 6.017644587936405234e-04 9.340056337699689185e-04
3.515999999999999659e+01 5.200954374162095224e-04 1.009427744192512326e-03
3.521999999999999886e+01 4.425786110009591410e-04 1.091501589338673495e-03
3.528000000000000114e+01 3.738112863068416680e-04 1.143099911996229689e-03
3.533999999999999631e+01 3.174273121835288194e-04 1.109579038579490591e-03
3.539999999999999858e+01 2.763732855535800271e-04 9.683792656398888896e-04
3.546000000000000085e+01 2.497105403122518012e-04 7.646102948285890457e-04
3.551999999999999602e+01 2.327988905200003135e-04 5.740809339433677709e-04
3.557999999999999829e+01 2.208589807833082660e-04 4.395665703659157515e-04
3.564000000000000057e+01 2.111722863108740742e-04 3.577702995658154977e-04
3.569999999999999574e+01 2.027718173230963288e-04 3.082265766922770347e-04
3.575999999999999801e+01 1.954626901151567048e-04 2.754302569112471698e-04
3.582000000000000028e+01 1.892434944750691437e-04 2.518430510915778756e-04
3.587999999999999545e+01 1.841005088164213719e-04 2.341951625954621626e-04
3.593999999999999773e+01 1.799777788609772337e-04 2.208804910462805818e-04
3.600000000000000000e+01 1.768113076060294866e-04 2.109926799256749684e-04
3.605999999999999517e+01 1.745622573235053180e-04 2.040200994563058363e-04
3.611999999999999744e+01 1.732312794136211826e-04 1.997307595678058561e-04
3.617999999999999972e+01 1.728663449660931611e-04 1.981431859938448544e-04
3.624000000000000199e+01 1.735685783855932739e-04 1.995308136918571206e-04
3.629999999999999716e+01 1.754704991938299888e-04 2.043348653175316033e-04
3.635999999999999943e+01 1.786535212075758495e-04 2.128742149531655053e-04
3.642000000000000171e+01 1.830402482049844882e-04 2.250093188128774921e-04
3.647999999999999687e+01 1.883780967219652941e-04 2.401372143116973167e-04
3.653999999999999915e+01 1.943591004082362642e-04 2.575791354716022198e-04
3.660000000000000142e+01 2.007587068898086151e-04 2.769608930195726010e-04
3.665999999999999659e+01 2.074746035482154737e-04 2.982966491475872784e-04
3.671999999999999886e+01 2.144763644866375248e-04 3.218582842831004855e-04
3.678000000000000114e+01 2.217038525480342459e-04 3.478488510196318202e-04
3.683999999999999631e+01 2.288554217349072269e-04 3.754729179019464669e-04
3.689999999999999858e+01 2.350364118507244405e-04 4.012570213361770985e-04
3.696000000000000085e+01 2.386788905592551182e-04 4.185846673045929872e-04
3.701999999999999602e+01 2.384737426576147995e-04 4.216201010686064380e-04
3.707999999999999829e+01 2.349118042725763006e-04 4.114312771880362213e-04
3.714000000000000057e+01 2.304630248216509795e-04 3.962695722887484375e-04
3.719999999999999574e+01 2.278254255799830059e-04 3.848145156118670915e-04
3.725999999999999801e+01 2.284193895184641917e-04 3.810769838282002174e-04
3.732000000000000028e+01 2.326238831502479721e-04 3.854760739306777083e-04
3.737999999999999545e+01 2.408400895713490135e-04 3.981141007352758917e-04
3.743999999999999773e+01 2.540889006397042244e-04 4.202359627352108109e-04
3.750000000000000000e+01 2.733464109924928546e-04 4.526860069438066363e-04
3.755999999999999517e+01 2.971855144746431664e-04 4.917732117202249387e-04
3.761999999999999744e+01 3.196489564317779196e-04 5.269984642514742709e-04
3.767999999999999972e+01 3.325358459865423348e-04 5.465523983839079558e-04
3.774000000000000199e+01 3.315601408129779807e-04 5.466072690345452449e-04
3.779999999999999716e+01 3.191426600006951162e-04 5.329263999969503568e-04
3.785999999999999943e+01 3.008557893743373174e-04 5.139236829887758925e-04
3.792000000000000171e+01 2.809921308431181149e-04 4.948778043145467265e-04
3.797999999999999687e+01 2.614902948518158876e-04 4.775797615961382080e-04
3.803999999999999915e+01 2.429297531160371621e-04 4.621811971199882860e-04
3.810000000000000142e+01 2.254335854908590640e-04 4.484183718700325582e-04
3.815999999999999659e+01 2.090159576778454495e-04 4.360035202671975617e-04
3.821999999999999886e+01 1.936622716845107348e-04 4.246906437915323740e-04
3.828000000000000114e+01 1.793427626374876987e-04 4.142730764351176169e-04
3.833999999999999631e+01 1.660161390060844251e-04 4.045744873201357890e-04
3.839999999999999858e+01 1.536323416015480557e-04 3.954414829832247685e-04
3.846000000000000085e+01 1.421351608218434119e-04 3.867379277956036442e-04
3.851999999999999602e+01 1.314646031119037892e-04 3.783405200795205326e-04
3.857999999999999829e+01 1.215589033598166288e-04 3.701352675633408471e-04
3.864000000000000057e+01 1.123561394120739190e-04 3.620146076064943274e-04
3.869999999999999574e+01 1.037954524227719397e-04 3.538749860057114932e-04
3.875999999999999801e+01 9.581790793223927320e-05 3.456147527269185036e-04
3.882000000000000028e+01 8.836704906963876310e-05 3.371322602040919126e-04
3.887999999999999545e+01 8.138919847688956240e-05 3.283240632056354507e-04
3.893999999999999773e+01 7.483356316584678105e-05 3.190831193025979191e-04
3.900000000000000000e+01 6.865218977818152483e-05 3.092968734801956453e-04
3.905999999999999517e+01 6.279980903446495677e-05 2.988450732844064321e-04
3.911999999999999744e+01 5.723359911502913858e-05 2.875970891496768488e-04
3.917999999999999972e+01 5.191288926610493343e-05 2.754083821211711206e-04
3.924000000000000199e+01 4.679881958364374452e-05 2.621155234241296077e-04
3.929999999999999716e+01 4.185401179729426408e-05 2.475288791704761179e-04
3.935999999999999943e+01 3.704294436271772029e-05 2.314231733801913311e-04
3.942000000000000171e+01 3.234008273631661649e-05 2.135386311713663801e-04
3.947999999999999687e+01 2.779466418408429643e-05 1.936642914042763816e-04
3.953999999999999915e+01 2.386785322876859003e-05 1.720103094961809365e-04
3.960000000000000142e+01 2.255541741496974593e-05 1.500787138348000762e-04
3.965999999999999659e+01 2.948235437097856897e-05 1.315225517376749081e-04
3.971999999999999886e+01 5.488826571125220231e-05 1.213424571025618339e-04
3.978000000000000114e+01 1.095622740224716301e-04 1.227841712474922562e-04
3.983999999999999631e+01 1.969731464420340628e-04 1.349340779889379727e-04
3.989999999999999858e+01 3.108834542761015158e-04 1.542816313510679787e-04
3.996000000000000085e+01 4.428148760245423279e-04 1.784692093123155558e-04
4.001999999999999602e+01 5.912814485425991464e-04 2.086115528006937149e-04
4.007999999999999829e+01 7.660034892302900866e-04 2.509196425500358576e-04
4.014000000000000057e+01 9.887241264064912469e-04 3.206459628747355549e-04
4.019999999999999574e+01 1.286128856874486394e-03 4.441205399879345176e-04
4.025999999999999801e+01 1.659574417472435559e-03 6.423098859283735010e-04
4.032000000000000028e+01 2.044917783076734795e-03 8.938028820271747867e-04
4.037999999999999545e+01 2.330112038560092254e-03 1.126268462128811060e-03
4.043999999999999773e+01 2.449041363393781971e-03 1.275391546415044139e-03
4.050000000000000000e+01 2.435846048769422720e-03 1.346493068795914533e-03
4.055999999999999517e+01 2.362173982085435942e-03 1.400555398509722559e-03
4.061999999999999744e+01 2.256836081645157560e-03 1.494951619301030168e-03
4.067999999999999972e+01 2.111118845836844511e-03 1.640182267866727942e-03
4.074000000000000199e+01 1.930060565558564109e-03 1.788742824730473000e-03
4.079999999999999716e+01 1.745370733671503319e-03 1.864066059882677970e-03
4.085999999999999943e+01 1.586420432955420491e-03 1.821150105985453816e-03
4.092000000000000171e+01 1.460816607568141611e-03 1.683242290024909412e-03
4.097999999999999687e+01 1.361654723314422149e-03 1.514308935492269820e-03
4.103999999999999915e+01 1.280204830160167669e-03 1.364962287489237440e-03
4.110000000000000142e+01 1.210638759182987951e-03 1.250520751302608858e-03
4.115999999999999659e+01 1.149594715323932126e-03 1.164717669777589736e-03
4.121999999999999886e+01 1.095038941725574692e-03 1.097665632363151265e-03
4.128000000000000114e+01 1.045622713406129268e-03 1.042646618250937579e-03
4.133999999999999631e+01 1.000388097446983700e-03 9.958995282242210506e-04
4.139999999999999858e+01 9.586234935004167741e-04 9.552579883645716556e-04
4.146000000000000085e+01 9.197831990181374456e-04 9.193476838174755635e-04
4.151999999999999602e+01 8.834383374850064740e-04 8.872247489702568416e-04
4.157999999999999829e+01 8.492450658371488749e-04 8.582061597404764099e-04
4.164000000000000057e+01 8.169230662031575375e-04 8.317791800518962910e-04
4.169999999999999574e+01 7.862404976749085613e-04 8.075482366968745034e-04
4.175999999999999801e+01 7.570031760440889363e-04 7.852012310565533587e-04
4.182000000000000028e+01 7.290466131961573833e-04 7.644874992218690310e-04
4.187999999999999545e+01 7.022300440178889198e-04 7.452024944674892366e-04
4.193999999999999773e+01 6.764318670572451366e-04 7.271771370074488639e-04
4.200000000000000000e+01 6.515461104580527784e-04 7.102699598391288855e-04
4.205999999999999517e+01 6.274796546005764492e-04 6.943613756562886296e-04
4.211999999999999744e+01 6.041500214653214035e-04 6.793493204097871257e-04
4.217999999999999972e+01 5.814835936977797836e-04 6.651458717843860158e-04
4.223999999999999488e+01 5.594141636827956645e-04 6.516747035552526669e-04
4.229999999999999716e+01 5.378817378052824002e-04 6.388689148865817589e-04
4.235999999999999943e+01 5.168315399621428545e-04 6.266694756720995281e-04
4.242000000000000171e+01 4.962131714470951419e-04 6.150237228945328863e-04
4.247999999999999687e+01 4.759798936117821911e-04 6.038843446371611016e-04
4.253999999999999915e+01 4.560880073339945240e-04 5.932082644761512823e-04
4.260000000000000142e+01 4.364963080460780966e-04 5.829558855464250528e-04
4.265999999999999659e+01 4.171655991712998638e-04 5.730901915256527085e-04
4.271999999999999886e+01 3.980582496600583225e-04 5.635760580520686718e-04
4.278000000000000114e+01 3.791377831759126706e-04 5.543794195373740515e-04
4.283999999999999631e+01 3.603684880328439713e-04 5.454664810329168259e-04
4.289999999999999858e+01 3.417150377340115843e-04 5.368027563612956044e-04
4.296000000000000085e+01 3.231421123379183227e-04 5.283519613933677309e-04
4.301999999999999602e+01 3.046140107911637874e-04 5.200745988261026723e-04
4.307999999999999829e+01 2.860942437269357441e-04 5.119261099142956599e-04
4.314000000000000057e+01 2.675450950270065551e-04 5.038543430983406226e-04
4.319999999999999574e+01 2.489271384211064154e-04 4.957959644102942921e-04
4.325999999999999801e+01 2.301986921662618139e-04 4.876711781699042455e-04
4.332000000000000028e+01 2.113151896421603792e-04 4.793756606162524400e-04
4.337999999999999545e+01 1.922284357490865701e-04 4.707676959773605691e-04
4.343999999999999773e+01 1.728857209343797219e-04 4.616465757045848796e-04
4.350000000000000000e+01 1.532289576957252583e-04 4.517138030211703009e-04
4.355999999999999517e+01 1.331957771295438908e-04 4.404963484981152047e-04
4.361999999999999744e+01 1.127339481705446218e-04 4.271740400193265027e-04
4.367999999999999972e+01 9.186851017073158318e-05 4.101610875282338795e-04
4.373999999999999488e+01 7.088841446372614620e-05 3.862425181202571670e-04
4.379999999999999716e+01 5.063244866146361179e-05 3.497307418660849216e-04
4.385999999999999943e+01 3.258026563134152449e-05 2.941585981480249103e-04
4.392000000000000171e+01 1.835594362956538566e-05 2.191651328230281902e-04
4.397999999999999687e+01 8.811064384765349101e-06 1.373686902452716011e-04
4.403999999999999915e+01 3.513286170830216285e-06 6.915718965116882198e-05
4.410000000000000142e+01 1.136406602485385724e-06 2.696726876130481815e-05
4.415999999999999659e+01 2.915494909446351671e-07 7.932120272759650163e-06
4.421999999999999886e+01 5.808824087256033073e-08 1.727371416445177267e-06
4.428000000000000114e+01 8.818339548869189335e-09 2.748721015207682144e-07
4.433999999999999631e+01 1.003352899793721367e-09 3.166448807224012628e-08
4.439999999999999858e+01 8.439894084976323402e-11 2.622809789068667069e-09
4.446000000000000085e+01 5.190674991838947818e-12 1.554246624325538687e-10
4.451999999999999602e+01 2.313621630696241882e-13 6.563803527454034424e-12
4.457999999999999829e+01 7.422262984517962096e-15 1.969527113281421873e-13
4.464000000000000057e+01 1.704505878805350686e-16 4.188809504174226332e-15
4.469999999999999574e+01 2.790147800403097035e-18 6.302138822204312502e-17
4.475999999999999801e+01 3.244597456479911676e-20 6.696507983755290040e-19
4.482000000000000028e+01 2.673235336791288316e-22 5.018581682764955291e-21
4.487999999999999545e+01 1.557127604524364837e-24 2.649632799944437440e-23
4.493999999999999773e+01 6.401283139305098796e-27 9.845447219278149696e-26
4.500000000000000000e+01 1.854591634997092789e-29 2.572544408446391165e-28
4.505999999999999517e+01 3.782316522151195938e-32 4.723346940422539885e-31
4.511999999999999744e+01 5.424629711484687563e-35 6.090027629365562993e-34
4.517999999999999972e+01 5.466714638817203933e-38 5.510976354486060466e-37
4.523999999999999488e+01 3.868316435110672242e-41 3.498358445163506251e-40
4.529999999999999716e+01 1.920859495640789042e-44 1.557176975597983257e-43
4.535999999999999943e+01 6.689929194001296419e-48 4.858276425278171902e-47
4.542000000000000171e+01 1.633440730851446785e-51 1.062057327863560610e-50
4.547999999999999687e+01 2.794918740427306984e-55 1.626304392257358199e-54
4.553999999999999915e+01 3.350174253052881582e-59 1.743910232096336156e-58
4.560000000000000142e+01 2.812313688715160002e-63 1.309202926858920322e-62
4.565999999999999659e+01 1.652870172754679284e-67 6.879436194105707428e-67
4.571999999999999886e+01 6.799632193542337434e-72 2.529725065933636086e-71
4.578000000000000114e+01 1.957526983407525474e-76 6.508605548265617378e-76
4.583999999999999631e+01 9.576679494349602781e-81 8.238018480027606854e-79
4.589999999999999858e+01 2.127795730930843626e-76 2.654266570948139191e-74
4.596000000000000085e+01 5.628294789022553286e-72 6.066796383840928199e-70
4.601999999999999602e+01 1.042922349667381706e-67 9.698921230849045772e-66
4.607999999999999829e+01 1.354194801617023017e-63 1.084728807019073181e-61
4.614000000000000057e+01 1.232548067644022882e-59 8.488815760576252589e-58
4.619999999999999574e+01 7.866389448400373901e-56 4.649509325550946624e-54
4.625999999999999801e+01 3.521838092449350728e-52 1.782872989402594043e-50
4.632000000000000028e+01 1.106573644678752998e-48 4.787642366105978000e-47
4.637999999999999545e+01 2.441335719211242838e-45 9.006666332211846871e-44
4.643999999999999773e+01 3.784069139735679822e-42 1.187468998242928459e-40
4.650000000000000000e+01 4.123416247685219242e-39 1.097733571409897305e-37
4.655999999999999517e+01 3.161145266058844511e-36 7.119012661918205867e-35
4.661999999999999744e+01 1.706443025804185619e-33 3.240858209726215285e-32
4.667999999999999972e+01 6.492743148787452248e-31 1.036413160838823965e-29
4.673999999999999488e+01 1.743224227182707255e-28 2.330290700719658248e-27
4.679999999999999716e+01 3.307139751611046012e-26 3.687512292555552145e-25
4.685999999999999943e+01 4.440357862642046672e-24 4.111810940665142049e-23
4.692000000000000171e+01 4.227401309761775940e-22 3.235572752268678775e-21
4.697999999999999687e+01 2.860281600011668405e-20 1.800004240587488575e-19
4.703999999999999915e+01 1.379188668906667854e-18 7.095341362493541660e-18
4.710000000000000142e+01 4.755393837397887698e-17 1.987330346785552765e-16
4.715999999999999659e+01 1.177367612266541423e-15 3.969286405502229983e-15
4.721999999999999886e+01 2.104097519126684816e-14 5.679285121088213547e-14
4.728000000000000114e+01 2.732136342494624495e-13 5.856185233386740186e-13
4.733999999999999631e+01 2.599250140624278476e-12 4.386462655018660465e-12
4.739999999999999858e+01 1.831204336111047139e-11 2.412060237132820281e-11
4.746000000000000085e+01 9.684976450307529926e-11 9.876810519210265158e-11
4.751999999999999602e+01 3.912747302539835970e-10 3.069699181537705934e-10
4.757999999999999829e+01 1.234087018359780034e-09 7.426469279656938211e-10
4.764000000000000057e+01 3.120272381757848834e-09 1.444166991910226821e-09
4.769999999999999574e+01 6.521457190546378883e-09 2.345290391210589326e-09
4.775999999999999801e+01 1.164669065618924145e-08 3.314226419675613075e-09
4.782000000000000028e+01 1.836638197935438899e-08 4.236606890511110677e-09
4.787999999999999545e+01 2.633916634569427119e-08 5.055895916624026429e-09
4.793999999999999773e+01 3.518661176427033845e-08 5.760137754078181604e-09
4.800000000000000000e+01 4.459056817383579090e-08 6.356211483838204784e-09
4.805999999999999517e+01 5.431176885069524877e-08 6.855281381797461687e-09
4.811999999999999744e+01 6.417584834362515612e-08 7.268144482003638434e-09
4.817999999999999972e+01 7.405570627548725251e-08 7.604385508655702564e-09
4.823999999999999488e+01 8.385810886913434327e-08 7.872426979726229755e-09
4.829999999999999716e+01 9.351445699848462122e-08 8.079704231747238460e-09
4.835999999999999943e+01 1.029744251786609399e-07 8.232827358119520909e-09
4.842000000000000171e+01 1.122014838319468852e-07 8.337714387437775028e-09
4.847999999999999687e+01 1.211696765656097793e-07 8.399698705795294224e-09
4.853999999999999915e+01 1.298612558339550489e-07 8.423615747707256143e-09
4.860000000000000142e+01 1.382649204356986093e-07 8.413873387290500033e-09
4.865999999999999659e+01 1.463744844201241792e-07 8.374509525552579932e-09
4.871999999999999886e+01 1.541878614509965545e-07 8.309239569199083291e-09
4.878000000000000114e+01 1.617062841086491048e-07 8.221495839443052541e-09
4.883999999999999631e+01 1.689337012557788003e-07 8.114460473320434441e-09
4.889999999999999858e+01 1.758763127549359809e-07 7.991093004099012548e-09
4.896000000000000085e+01 1.825422121352158885e-07 7.854153529722180661e-09
4.901999999999999602e+01 1.889411159156560274e-07 7.706222165068013185e-09
4.907999999999999829e+01 1.950841642744571386e-07 7.549715302496991930e-09
4.914000000000000057e+01 2.009837823260587933e-07 7.386899073487628374e-09
4.919999999999999574e+01 2.066535949378521392e-07 7.219900290076200815e-09
4.925999999999999801e+01 2.121083911671773556e-07 7.050715049008858854e-09
4.932000000000000028e+01 2.173641373508122550e-07 6.881215092426466282e-09
4.937999999999999545e+01 2.224380409505692875e-07 6.713151933042912344e-09
4.943999999999999773e+01 2.273486708212400798e-07 6.548158662509419567e-09
4.950000000000000000e+01 2.321161441272240095e-07 6.387749264785662536e-09
4.955999999999999517e+01 2.367623964652062375e-07 6.233315145028800693e-09
4.961999999999999744e+01 2.413115611399952029e-07 6.086118453736512544e-09
4.967999999999999972e+01 2.457904982806804467e-07 5.947281634602916192e-09
4.973999999999999488e+01 2.502295389317394742e-07 5.817772452266434157e-09
4.979999999999999716e+01 2.546635523579531053e-07 5.698383594776345160e-09
4.985999999999999943e+01 2.591335270106370407e-07 5.589705894633996297e-09
4.992000000000000171e+01 2.636890312122130732e-07 5.492094615515187718e-09
4.997999999999999687e+01 2.683923521061128914e-07 5.405630278067793441e-09
5.003999999999999915e+01 2.733262312886374479e-07 5.330081884758246833e-09
5.010000000000000142e+01 2.786092445694708270e-07 5.264891001740646412e-09
5.015999999999999659e+01 2.844223111683214548e-07 5.209181643371114060e-09
5.021999999999999886e+01 2.910310300098008695e-07 5.161690848612885993e-09
5.028000000000000114e+01 2.987406144574228757e-07 5.120360456089977080e-09
5.033999999999999631e+01 3.077078725845011242e-07 5.081570172517518810e-09
5.039999999999999858e+01 3.176771863400902724e-07 5.039820994331351924e-09
5.046000000000000085e+01 3.279000414297913544e-07 4.988886514828905146e-09
5.051999999999999602e+01 3.373932470882747083e-07 4.923995178706074030e-09
5.057999999999999829e+01 3.453307166519437225e-07 4.843292829781919750e-09
5.064000000000000057e+01 3.512558425153408155e-07 4.747672049576788174e-09
5.069999999999999574e+01 3.550513761412376699e-07 4.639655620396669926e-09
5.075999999999999801e+01 3.568079122058781602e-07 4.522343008719372093e-09
5.082000000000000028e+01 3.567112395444007977e-07 4.398798309504189045e-09
5.087999999999999545e+01 3.549776090518521560e-07 4.271787695031005583e-09
5.093999999999999773e+01 3.518229742733904963e-07 4.143696988717023124e-09
5.100000000000000000e+01 3.474498880547483667e-07 4.016525685320691404e-09
5.105999999999999517e+01 3.420426892709828577e-07 3.891910246812492320e-09
5.111999999999999744e+01 3.357664981082530841e-07 3.771156993460662361e-09
5.117999999999999972e+01 3.287679283026541892e-07 3.655276435661332303e-09
5.123999999999999488e+01 3.211765202735110122e-07 3.545015727301034597e-09
5.129999999999999716e+01 3.131064133521721464e-07 3.440888028079280215e-09
5.135999999999999943e+01 3.046580255915435761e-07 3.343198500670982580e-09
5.141999999999999460e+01 2.959196346846848567e-07 3.252067080794201066e-09
5.147999999999999687e+01 2.869688167661490047e-07 3.167448326390815009e-09
5.153999999999999915e+01 2.778737317198706645e-07 3.089148705781415758e-09
5.160000000000000142e+01 2.686942592054250743e-07 3.016841686454775836e-09
5.165999999999999659e+01 2.594829966996051227e-07 2.950080966221608317e-09
5.171999999999999886e+01 2.502861334999990503e-07 2.888312161463029007e-09
5.178000000000000114e+01 2.411442150169368383e-07 2.830883241922452952e-09
5.183999999999999631e+01 2.320928109511801858e-07 2.777053979238211724e-09
5.189999999999999858e+01 2.231630997403001385e-07 2.726004662726595306e-09
5.196000000000000085e+01 2.143823802860524452e-07 2.676844328154632935e-09
5.201999999999999602e+01 2.057745206175283185e-07 2.628618748736929514e-09
5.207999999999999829e+01 1.973603518818480307e-07 2.580318451091866374e-09
5.214000000000000057e+01 1.891580149184452131e-07 2.530887047191850059e-09
5.219999999999999574e+01 1.811832656730429272e-07 2.479230220440571776e-09
5.225999999999999801e+01 1.734497448380429953e-07 2.424225776740311815e-09
5.232000000000000028e+01 1.659692163560173559e-07 2.364735282945733997e-09
5.237999999999999545e+01 1.587517787793752176e-07 2.299617984701269496e-09
5.243999999999999773e+01 1.518060529284920062e-07 2.227747960710979000e-09
5.250000000000000000e+01 1.451393488198350157e-07 2.148035899069726517e-09
5.255999999999999517e+01 1.387578144336176768e-07 2.059457614608397048e-09
5.261999999999999744e+01 1.326665685444824406e-07 1.961092786760071801e-09
5.267999999999999972e+01 1.268698194752305373e-07 1.852180238255320312e-09
5.273999999999999488e+01 1.213709701239506250e-07 1.732202967245347599e-09
5.279999999999999716e+01 1.161726938628861239e-07 1.601034634614467527e-09
5.285999999999999943e+01 1.112768365174065141e-07 1.459223575236351304e-09
5.291999999999999460e+01 1.066833035396267347e-07 1.308548159141628544e-09
5.297999999999999687e+01 1.023848820086281113e-07 1.152884112825803821e-09
5.303999999999999915e+01 9.835210617599835226e-08 9.988556722185423956e-10
5.310000000000000142e+01 9.450705461961559696e-08 8.549726329794132937e-10
5.315999999999999659e+01 9.070600835469787327e-08 7.286006479943005792e-10
5.321999999999999886e+01 8.676612141120091869e-08 6.227126828656444574e-10
5.328000000000000114e+01 8.253775612589824841e-08 5.354492863421981163e-10
5.333999999999999631e+01 7.796716738023569357e-08 4.625934657362789229e-10
5.339999999999999858e+01 7.309941776001485927e-08 4.002076111776886876e-10
5.346000000000000085e+01 6.803480353771469981e-08 3.456326832880894337e-10
5.351999999999999602e+01 6.288380091812567810e-08 2.972804718053767007e-10
5.357999999999999829e+01 5.774339055004873837e-08 2.541860668849766724e-10
5.364000000000000057e+01 5.269090039934199418e-08 2.157156361768093587e-10
5.369999999999999574e+01 4.778539922469438095e-08 1.814216362022525290e-10
5.375999999999999801e+01 4.307090439114516222e-08 1.509713909565026606e-10
5.382000000000000028e+01 3.857945379515741334e-08 1.241072632899238855e-10
5.387999999999999545e+01 3.433363011332952370e-08 1.006211228010580408e-10
5.393999999999999773e+01 3.034855113316351387e-08 8.033590570177126741e-11
5.400000000000000000e+01 2.663342274273790604e-08 6.309094403542782337e-11
5.405999999999999517e+01 2.319275008700237475e-08 4.872942212116383782e-11
5.411999999999999744e+01 2.002728485090623947e-08 3.708715928140677926e-11
5.417999999999999972e+01 1.713476882302038019e-08 2.798240356546669057e-11
5.423999999999999488e+01 1.451051925533608570e-08 2.120665320518641653e-11
5.429999999999999716e+01 1.214789022471871970e-08 1.651679987267962589e-11
5.435999999999999943e+01 1.003863561384115470e-08 1.362916813229832067e-11
5.441999999999999460e+01 8.173192779579491525e-09 1.221634999155304539e-11
5.447999999999999687e+01 6.540900862336530593e-09 1.190813722703425745e-11
5.453999999999999915e+01 5.130163488441897401e-09 1.229836752746175010e-11
5.460000000000000142e+01 3.928561815995152713e-09 1.296013696362518456e-11
5.465999999999999659e+01 2.922919802223528915e-09 1.347253713803237254e-11
5.471999999999999886e+01 2.099317946625100529e-09 1.346254458456367880e-11
5.478000000000000114e+01 1.443041322916814305e-09 1.266471880204691325e-11
5.483999999999999631e+01 9.384247449851069179e-10 1.099516699967528897e-11
5.489999999999999858e+01 5.685174574390875710e-10 8.617227798918630147e-12
5.496000000000000085e+01 3.144890391421377910e-10 5.943213936259216488e-12
5.501999999999999602e+01 1.549573201633974627e-10 3.505988770669977466e-12
5.507999999999999829e+01 6.609067292087024386e-11 1.717475734217585197e-12
5.514000000000000057e+01 2.366949116191416934e-11 6.790366098449674957e-13
5.519999999999999574e+01 6.909256306599806597e-12 2.111979847666298792e-13
5.525999999999999801e+01 1.599867801677637060e-12 5.055689670540350292e-14
5.532000000000000028e+01 2.870747443788195508e-13 9.148406980762126843e-15
5.537999999999999545e+01 3.915243095764672704e-14 1.233362115024541070e-15
5.543999999999999773e+01 3.995669453396800942e-15 1.224634378047223189e-16
5.550000000000000000e+01 3.013579336101466044e-16 8.874017552088766616e-18
5.555999999999999517e+01 1.663238490188568433e-17 4.658819136538294554e-19
5.561999999999999744e+01 6.665116773094675282e-19 1.761783804731564600e-20
5.567999999999999972e+01 1.927237571395558397e-20 4.776648948236189286e-22
5.573999999999999488e+01 4.000969945305937852e-22 9.250050583943067530e-24
5.579999999999999716e+01 5.939386632869068950e-24 1.275470545073617692e-25
5.585999999999999943e+01 6.283934131792846250e-26 1.249088049413964206e-27
5.591999999999999460e+01 4.725596603897077946e-28 8.669400090678233406e-30
5.597999999999999687e+01 2.520220004133011963e-30 4.256809836360853288e-32
5.603999999999999915e+01 9.513898612886561676e-33 1.476468688944738898e-34
5.610000000000000142e+01 2.538203931451559486e-35 3.612865282866866761e-37
5.615999999999999659e+01 4.779207526682593446e-38 6.230014402159592055e-40
5.621999999999999886e+01 6.343731417518202179e-41 7.563517447938889156e-43
5.628000000000000114e+01 5.930085844935875470e-44 6.459488883006672841e-46
5.633999999999999631e+01 3.900586603903827180e-47 3.877927011479071773e-49
5.639999999999999858e+01 1.803952914108591226e-50 1.635513142440375831e-52
5.646000000000000085e+01 5.862202057844214395e-54 4.843056707136012623e-56
5.651999999999999602e+01 1.337780357735887622e-57 1.006426181822672956e-59
5.657999999999999829e+01 2.142764545409529578e-61 1.467068899957779955e-63
5.664000000000000057e+01 2.407862417053132563e-65 1.499529395739480149e-67
5.669999999999999574e+01 1.897491166922866227e-69 1.074342107660012401e-71
5.675999999999999801e+01 1.048239335851497189e-73 5.393564511236685795e-76
5.682000000000000028e+01 4.058181221611644217e-78 1.896839906954101248e-80
5.687999999999999545e+01 1.100688285497907147e-82 4.671910731414750780e-85
5.693999999999999773e+01 2.090946869341461699e-87 8.056849779980607732e-90
5.700000000000000000e+01 2.781390291520197854e-92 9.726347035697855979e-95
5.705999999999999517e+01 2.590151365853327339e-97 8.217939812356061018e-100
5.711999999999999744e+01 1.688281981364257757e-102 4.858776695656548917e-105
5.717999999999999972e+01 7.700895797124106571e-108 2.009880238550539918e-110
5.723999999999999488e+01 2.457764928524060925e-113 5.816032886825841670e-116
5.729999999999999716e+01 5.487500934241169176e-119 1.177162064320694263e-121
5.735999999999999943e+01 8.570016985014927594e-125 1.666258197149252958e-127
5.741999999999999460e+01 9.360606381816004560e-131 1.649274859898520013e-133
5.747999999999999687e+01 7.149706677993611346e-137 1.141406389349502528e-139
5.753999999999999915e+01 3.818431557019097485e-143 5.522545568161715531e-146
5.759999999999999432e+01 1.425766693629459017e-149 1.867877492030888700e-152
5.765999999999999659e+01 3.721653294308429057e-156 4.415996125149287494e-159
5.771999999999999886e+01 6.790591192264450821e-163 7.296992594546483674e-166
5.778000000000000114e+01 8.660169173866416220e-170 8.426750164598221365e-173
5.783999999999999631e+01 7.718938842843718520e-177 6.800573494883645518e-180
5.789999999999999858e+01 4.808048054925146191e-184 3.835044067319922606e-187
5.796000000000000085e+01 2.092808824030899807e-191 1.511146561032063050e-194
5.801999999999999602e+01 6.365189462595648307e-199 4.160331187323619546e-202
5.807999999999999829e+01 1.352655873929247780e-206 8.002202427132042384e-210
5.814000000000000057e+01 2.008317207499206773e-214 1.075296224406679534e-217
5.819999999999999574e+01 2.083159680054541105e-222 1.009396123349710606e-225
5.825999999999999801e+01 1.509509023141471079e-230 6.618952341584472172e-234
5.832000000000000028e+01 7.641008311688034441e-239 3.031735467725865169e-242
5.837999999999999545e+01 2.701764708346223250e-247 9.699495703773091516e-251
5.843999999999999773e+01 6.672789999288385688e-256 2.167430376236060426e-259
5.850000000000000000e+01 1.151099016964812094e-264 3.382692871885423538e-268
5.855999999999999517e+01 1.386903906613164311e-273 3.687104995256220126e-277
5.861999999999999744e+01 1.167058396849729572e-282 2.806718591865588297e-286
5.867999999999999972e+01 6.858611994283311410e-292 1.492066967414336912e-295
5.873999999999999488e+01 2.814900192436610031e-301 5.539112423563333675e-305
5.879999999999999716e+01 8.067877791203517320e-311 1.435957069404336843e-314
5.885999999999999943e+01 1.614112464963352460e-320 0.000000000000000000e+00
5.891999999999999460e+01 0.000000000000000000e+00 0.000000000000000000e+00
5.897999999999999687e+01 0.000000000000000000e+00 0.000000000000000000e+00
5.903999999999999915e+01 0.000000000000000000e+00 0.000000000000000000e+00
5.909999999999999432e+01 0.000000000000000000e+00 0.000000000000000000e+00
5.915999999999999659e+01 0.000000000000000000e+00 0.000000000000000000e+00
5.921999999999999886e+01 0.000000000000000000e+00 0.000000000000000000e+00
5.928000000000000114e+01 0.000000000000000000e+00 0.000000000000000000e+00
5.933999999999999631e+01 0.000000000000000000e+00 0.000000000000000000e+00
5.939999999999999858e+01 0.000000000000000000e+00 0.000000000000000000e+00
5.946000000000000085e+01 0.000000000000000000e+00 0.000000000000000000e+00
5.951999999999999602e+01 0.000000000000000000e+00 0.000000000000000000e+00
5.957999999999999829e+01 0.000000000000000000e+00 0.000000000000000000e+00
5.964000000000000057e+01 0.000000000000000000e+00 0.000000000000000000e+00
5.969999999999999574e+01 0.000000000000000000e+00 0.000000000000000000e+00
5.975999999999999801e+01 0.000000000000000000e+00 0.000000000000000000e+00
5.982000000000000028e+01 0.000000000000000000e+00 0.000000000000000000e+00
5.987999999999999545e+01 0.000000000000000000e+00 0.000000000000000000e+00
5.993999999999999773e+01 0.000000000000000000e+00 0.000000000000000000e+00
6.000000000000000000e+01 0.000000000000000000e+00 0.000000000000000000e+00
