# R-X   VBM:  Eig [eV]   SigmaR meV   SigmaI meV    dS/domega    CBM: Eig [eV]   SigmaR meV   SigmaI meV   dS/domega
0.5 -0.4546 8.36356825 -0.1919245 0.765889 0.3915 0.92549275 -0.19724525 0.79679825
0.495 -0.4559 8.765959 -0.1973135 0.833247 0.3927 0.530726 -0.20512725 0.86249575
0.49 -0.4595 10.05392675 0.59287975 0.7648905 0.3961 -0.78030675 0.4356845 0.86821225
0.485 -0.4655 11.22715375 1.44694425 0.76310575 0.4017 -1.869812 1.52327475 0.738879
0.48 -0.4737 14.078217 6.699219 0.06481725 0.4094 -5.45412475 5.94933975 0.215773
0.475 -0.4838 11.059896 9.56546425 -0.218325 0.4189 -2.3850435 9.387821 0.0799965
0.47 -0.4957 9.04126275 10.086584 -0.1229135 0.4301 -0.228661 10.1844615 0.06892675
0.465 -0.5092 8.48496525 9.4995365 0.475316 0.4427 0.87401875 10.2292475 0.0791375
0.46 -0.524 7.5834765 10.239617 0.05556025 0.4566 1.40471225 10.788603 0.03943125
0.455 -0.5399 7.5094305 10.63234 -0.19393675 0.4714 1.57560625 10.54887875 0.19681225
0.45 -0.5566 7.47224325 9.70978375 0.229741 0.4871 2.19392475 10.540246 0.02321375
0.445 -0.574 7.3009615 10.27586725 -0.0741835 0.5033 1.87301625 10.71782375 0.10148775
0.44 -0.5918 7.810323 10.24690175 -0.01833025 0.52 1.7979895 10.68478425 0.02508825
0.435 -0.6099 7.90125775 10.51956575 -0.11523425 0.537 1.61505325 11.2719295 -0.22573375
0.43 -0.6282 8.38667675 10.5532635 -0.166433 0.5541 1.3851825 10.701991 0.22149975
0.425 -0.6464 8.8689665 10.563883 -0.210592 0.5713 1.02138125 10.91991275 0.025506
0.42 -0.6645 9.31716775 10.257753 0.09701275 0.5884 0.846693 11.15378925 -0.07384
0.415 -0.6823 9.898086 10.7013905 -0.097087 0.6054 0.3129645 10.89796 0.19845125
0.41 -0.6999 10.29806175 10.972739 -0.15291575 0.6222 -0.10860675 11.16990525 0.15900575
0.405 -0.717 10.90791075 10.80532225 -0.05124025 0.6388 -0.34698625 11.26947525 0.15236425
0.4 -0.7337 11.41459 10.80399275 0.086482 0.6551 -0.74737425 11.49916 -0.052287
0.395 -0.7498 12.08842675 10.85478975 0.04585475 0.6711 -1.2799805 11.44793225 0.0202135
0.39 -0.7654 12.88326625 11.1424485 0.19344 0.6868 -1.632058 11.4988285 0.2868765
0.385 -0.7804 13.156306 11.2748775 0.05577175 0.7021 -1.80554825 11.8171875 0.1775565
0.38 -0.7947 13.812309 11.5959325 0.08049075 0.7172 -1.9610685 12.009421 -0.02004625
0.375 -0.8085 14.37824575 11.539885 0.0370385 0.7319 -2.4453945 12.275256 0.019857
0.37 -0.8216 15.151551 11.82430525 0.00541925 0.7462 -2.9416605 12.29506425 -0.0103085
0.365 -0.8341 15.6584005 11.41657825 0.23317925 0.7603 -3.379098 12.58839525 -0.1080085
0.36 -0.8459 16.22847325 12.149481 -0.16655375 0.774 -3.64715425 12.46673425 0.11112325
0.355 -0.8572 16.96712175 12.102364 -0.022179 0.7874 -4.1281585 13.098044 -0.10032075
0.35 -0.8678 17.65759725 11.737045 0.40096375 0.8006 -4.41769825 12.55035025 0.135541
0.345 -0.8778 18.31899075 12.27187175 0.21280475 0.8135 -4.55951625 12.16935675 0.52918425
0.34 -0.8873 19.1416985 12.5504135 0.0427625 0.8261 -4.75708425 12.899081 0.17177475
0.335 -0.8962 19.6529015 12.10107625 0.3331685 0.8384 -5.087522 12.68879975 0.14504175
0.33 -0.9046 20.48744875 12.101342 0.451449 0.8505 -5.16297325 13.18854375 -0.02486775
0.325 -0.9125 20.90394025 12.35008725 0.07346425 0.8624 -5.73889725 13.268839 0.126178
0.32 -0.9199 21.60708475 11.915945 0.52728075 0.874 -5.796921 13.73124575 -0.076346
0.315 -0.9268 22.300868 11.65212025 0.72943675 0.8855 -6.49953775 14.4639575 -0.3694035
0.31 -0.9333 22.86788975 12.3321185 0.12306675 0.8968 -6.727597 13.61291675 0.1792755
0.305 -0.9395 23.36366075 12.0174535 0.44787025 0.9078 -6.63434525 13.93306 0.0690835
0.3 -0.9452 24.0611795 11.93529875 0.45388325 0.9187 -7.34143925 13.992192 0.15890025
0.295 -0.9506 24.93656575 12.0083515 0.381484 0.9294 -7.712005 13.84639025 0.2711575
0.29 -0.9557 25.28527325 11.79353875 0.43541825 0.94 -7.84078825 13.6534785 0.41918275
0.285 -0.9605 25.76752625 11.1938835 0.51828 0.9504 -7.7490375 14.11775025 0.136547
0.28 -0.9651 26.3655795 11.81128625 0.30284075 0.9606 -7.939889 14.12528675 0.199149
0.275 -0.9694 26.80416025 10.9687875 0.87184425 0.9707 -8.463536 14.37970125 0.08460025
0.27 -0.9734 27.1263795 10.90173675 0.67670075 0.9806 -8.52433775 14.58423725 0.01483725
0.265 -0.9773 27.59251325 10.72981225 0.62444275 0.9904 -8.85124875 14.88541275 -0.06969825
0.26 -0.981 28.1180435 10.627992 0.72413275 1.0 -9.3644745 14.793028 0.00067375
0.255 -0.9845 28.4339515 10.331119 0.74408925 1.0095 -9.50909575 14.7584635 0.08450425
0.25 -0.9878 28.70529925 10.687197 0.522655 1.0189 -9.97131775 14.57173975 0.31193425
0.245 -0.991 29.2206385 9.5192745 1.16718925 1.028 -10.083586 14.4153445 0.3425035
0.24 -0.9941 29.62171175 10.018783 0.93234225 1.0369 -10.07352125 14.58597025 0.21134725
0.235 -0.9971 29.84404725 10.0444885 0.73979025 1.0457 -10.4281615 14.8115145 0.1502105
0.23 -0.9999 30.09010175 9.78059375 0.81470325 1.0544 -10.381003 14.8032035 0.251613
0.225 -1.0028 30.3237235 9.618095 0.937432 1.063 -10.815394 15.3823905 0.1428005
0.22 -1.0055 30.69132225 10.13729 0.716585 1.0714 -11.03418625 14.978823 0.34982025
0.215 -1.0082 31.0884025 9.73028875 0.87612225 1.0797 -11.20083625 15.0621185 0.3416675
0.21 -1.0108 31.65447625 9.27591975 1.0327935 1.0878 -11.240767 15.45459225 0.16351825
0.205 -1.0134 31.71431225 9.35669 1.1237275 1.0958 -11.718437 15.600383 0.0761835
0.2 -1.016 31.6233405 8.90554875 1.223164 1.1037 -12.074135 15.69989825 0.0195945
0.195 -1.0185 31.90233225 9.43460975 1.002691 1.1114 -12.1700615 15.52188425 0.236395
0.19 -1.021 32.10948425 9.38410225 0.96740125 1.119 -12.45426625 15.29962075 0.46629975
0.185 -1.0235 32.095934 9.2306035 1.05403025 1.1265 -12.550411 15.2880705 0.43347025
0.18 -1.026 32.47990325 9.4350075 1.002007 1.1337 -13.01427675 15.6948105 0.29417475
0.175 -1.0284 32.78800925 9.56421225 0.98978275 1.1409 -13.33318825 15.452534 0.34678125
0.17 -1.0309 32.828547 9.398542 1.1330335 1.1479 -13.94041175 16.02335625 0.24492875
0.165 -1.0333 32.99917225 9.441207 1.1358945 1.1547 -14.03885625 15.13912425 0.62781175
0.16 -1.0357 33.12703425 9.32470775 1.23448375 1.1614 -14.07542625 14.944562 0.692999
0.155 -1.0381 33.5285205 9.47042025 1.2288575 1.1679 -14.2092 15.738456 0.17738625
0.15 -1.0404 33.537541 9.222171 1.3729885 1.1743 -14.40749075 15.34097925 0.60174825
0.145 -1.0428 33.4992265 9.4685165 1.28878525 1.1804 -14.7682885 16.36619925 0.01475775
0.14 -1.0451 33.88644275 9.457977 1.3375895 1.1865 -15.08662625 16.2477875 0.1528885
0.135 -1.0474 34.150443 9.605638 1.26814575 1.1923 -15.70541075 15.67808025 0.43300475
0.13 -1.0496 34.32565475 9.42180775 1.32125525 1.198 -16.00143525 16.15055175 0.434044
0.125 -1.0518 34.39235675 10.31598275 1.00505575 1.2035 -16.417336 15.902446 0.34707425
0.12 -1.054 34.75892075 10.211252 1.08574975 1.2088 -16.57127625 15.575929 0.40141725
0.115 -1.0562 34.86716825 9.5375705 1.28894675 1.2139 -17.08897075 15.79927925 0.4043685
0.11 -1.0583 35.103352 9.81992675 1.26566075 1.2189 -17.7538665 15.34117325 0.69083275
0.105 -1.0603 35.25959475 9.99046875 1.22905975 1.2236 -17.8564315 15.223114 0.57921425
0.1 -1.0623 35.63896775 10.1174845 1.18939275 1.2282 -18.14590525 14.9013145 0.84303925
0.095 -1.0642 35.53712025 10.0497715 1.29388725 1.2325 -18.3275 14.738149 0.68049
0.09 -1.0661 35.98763875 9.98968025 1.2231795 1.2367 -18.910263 15.18614925 0.64996525
0.085 -1.0679 36.19749425 9.9746645 1.227744 1.2406 -19.388378 14.98119275 0.61326975
0.08 -1.0696 36.42329475 10.16731225 1.14201025 1.2444 -19.7374965 14.80936 0.83154225
0.075 -1.0712 36.4805625 10.01603575 1.256399 1.2479 -20.1530935 14.70177925 0.72349275
0.07 -1.0728 36.68482225 9.94888725 1.243311 1.2512 -20.67629775 14.57169175 0.8077655
0.065 -1.0743 37.0988805 10.13082925 1.09659475 1.2543 -20.88253725 13.81866 1.01505825
0.06 -1.0756 37.8607675 9.703289 1.24992625 1.2572 -21.678967 13.71485525 0.91345175
0.055 -1.0769 37.833425 9.212554 1.57683275 1.2599 -21.86454225 13.46769025 1.0447155
0.05 -1.0781 37.9678605 9.19687125 1.55441425 1.2623 -22.449651 13.5550305 1.104627
0.045 -1.0792 38.01678475 9.48703675 1.3246775 1.2646 -22.82804725 13.408805 0.939083
0.04 -1.0802 38.24077675 9.39912525 1.36665225 1.2666 -22.8996245 13.06011975 1.038032
0.035 -1.081 38.41670975 8.61810625 1.70809375 1.2683 -23.652593 12.803322 1.1844455
0.03 -1.0818 38.551977 8.3357845 1.792873 1.2699 -23.5505645 12.42971075 1.22235375
0.025 -1.0825 38.6796805 9.0305235 1.3821305 1.2712 -24.10627475 12.120553 1.2654195
0.02 -1.083 39.06773775 8.45617075 1.71215725 1.2722 -24.3778875 12.39988375 1.2138695
0.015 -1.0834 38.6648125 8.42406975 1.63462225 1.2731 -24.46289925 11.586057 1.3345475
0.01 -1.0837 38.72015575 8.4949345 1.641161 1.2737 -24.9809485 11.690923 1.20841075
0.005 -1.0839 38.87346425 7.931319 1.8325585 1.2741 -24.68993375 10.9104005 1.656123
-4.4408920985e-16 -1.0839 38.88200825 8.20630975 1.7201855 1.2742 -24.57945875 11.2340135 1.568285
