# R-X   VBM:  Eig [eV]   SigmaR meV   SigmaI meV    dS/domega    CBM: Eig [eV]   SigmaR meV   SigmaI meV   dS/domega
0.5 -0.4546 -59.82614175 30.538267 2.325606 0.3915 290.581649 30.88502025 2.955855
0.495 -0.4559 -57.0548555 28.5835695 3.6030435 0.3927 288.26549525 30.6276195 3.1178655
0.49 -0.4595 -51.298985 34.49281225 1.65490125 0.3961 282.267719 34.739721 2.060173
0.485 -0.4655 -49.408254 36.6792965 1.70321775 0.4017 279.786055 39.1115765 1.13477
0.48 -0.4737 -40.985309 47.6952415 -0.69639275 0.4094 270.7339945 47.2220805 0.08814525
0.475 -0.4838 -43.402064 50.93168275 -0.43871775 0.4189 272.90232025 52.8924545 -0.335614
0.47 -0.4957 -42.64800925 51.6442325 -0.744196 0.4301 273.35541975 53.45041325 -0.40557625
0.465 -0.5092 -37.85255 48.25341875 1.50185475 0.4427 269.793458 52.06814725 0.01332925
0.46 -0.524 -33.225798 49.10933875 0.30725525 0.4566 265.035435 52.475601 0.331949
0.455 -0.5399 -26.5287585 48.44844425 0.234009 0.4714 258.6901795 50.95665575 0.668061
0.45 -0.5566 -20.0153985 45.8831915 1.234904 0.4871 253.2737845 50.1774565 0.5647685
0.445 -0.574 -13.68490825 47.172066 0.24596875 0.5033 246.14454425 49.95827925 1.0597065
0.44 -0.5918 -6.1336595 48.085274 -0.04043475 0.52 239.8321215 50.4423085 0.854885
0.435 -0.6099 -0.10954975 48.71854 -0.2921355 0.537 233.725673 52.26058575 -0.03850075
0.43 -0.6282 6.86225625 48.6483785 -0.25643875 0.5541 227.3993835 50.451363 1.24353
0.425 -0.6464 13.4131795 49.11968175 -0.293301 0.5713 220.981381 51.8172235 0.62913325
0.42 -0.6645 19.160502 48.63118975 0.571547 0.5884 215.55638975 52.445023 0.62197675
0.415 -0.6823 25.09039225 50.0430795 0.27315825 0.6054 209.491998 52.7333035 1.12230575
0.41 -0.6999 30.22214525 51.47823575 0.06424 0.6222 203.892978 54.627927 0.69185875
0.405 -0.717 35.287057 51.4237735 0.596017 0.6388 199.46898875 55.331263 0.749127
0.4 -0.7337 39.9254685 52.764966 0.47582125 0.6551 194.3093455 57.053253 -0.01530275
0.395 -0.7498 44.0931585 54.12846675 0.1244315 0.6711 189.68677 57.48842575 0.392255
0.39 -0.7654 48.242238 55.9085235 0.74288575 0.6868 185.65607425 58.62277175 0.9881255
0.385 -0.7804 51.06685275 57.0986475 0.50315825 0.7021 182.1606735 59.56511175 1.220879
0.38 -0.7947 54.89919325 58.8648675 0.4810845 0.7172 178.55629525 61.0367845 0.81657925
0.375 -0.8085 57.77827 59.656459 0.33984575 0.7319 174.30927175 63.01982 0.63485775
0.37 -0.8216 61.30865825 62.28529325 -0.03151875 0.7462 170.52131225 63.878501 0.742894
0.365 -0.8341 63.37805 62.21097925 0.35012675 0.7603 166.64979125 66.1755645 -0.0234675
0.36 -0.8459 65.12723675 65.76637275 -0.555793 0.774 163.274068 66.5177005 0.6541435
0.355 -0.8572 67.81797225 68.537374 -0.99834725 0.7874 159.8157625 69.86580925 -0.23360575
0.35 -0.8678 69.30153675 68.0579195 0.19594125 0.8006 156.62593125 69.103057 0.49983825
0.345 -0.8778 70.95843 70.58669225 -0.24251225 0.8135 154.19569175 69.6564435 1.23327975
0.34 -0.8873 72.618808 72.22482125 -0.1221415 0.8261 151.15705975 72.00831575 0.4724645
0.335 -0.8962 74.32344625 72.3691845 0.788171 0.8384 147.8497585 72.94245 0.24922325
0.33 -0.9046 75.4986375 74.17592475 1.144954 0.8505 145.46747175 76.077703 -0.540414
0.325 -0.9125 76.313768 75.70280425 0.6108815 0.8624 141.78287125 77.53794525 -0.3303835
0.32 -0.9199 77.64507925 77.34318175 1.29873125 0.874 139.135101 79.0351765 -0.547121
0.315 -0.9268 79.48630075 78.4406155 1.1990815 0.8855 136.66364975 81.6853235 -1.12910425
0.31 -0.9333 79.905313 82.70534975 -0.3353445 0.8968 134.4979075 80.43628075 0.255523
0.305 -0.9395 80.820134 81.74197 0.7876475 0.9078 132.811494 83.03274875 -0.42207075
0.3 -0.9452 82.2179535 83.31411675 0.85254975 0.9187 129.427374 84.43603275 -0.28871625
0.295 -0.9506 83.6694045 85.160145 0.90504725 0.9294 126.77716575 85.97059525 -0.58735175
0.29 -0.9557 83.85215975 85.25545325 1.64382475 0.94 125.58033325 86.22252 -0.1401765
0.285 -0.9605 84.089365 86.745244 0.91079375 0.9504 124.7376925 88.4780215 -1.18257775
0.28 -0.9651 85.42116875 89.23101775 0.72030625 0.9606 122.588473 90.48132475 -1.048192
0.275 -0.9694 85.692866 89.65951925 1.80535075 0.9707 120.195425 91.95876125 -0.82816675
0.27 -0.9734 85.6651395 89.1789045 1.6627635 0.9806 118.5212775 92.1495905 -0.5073115
0.265 -0.9773 87.86535725 90.63376575 1.58743425 0.9904 115.1158995 95.35045675 -1.26440675
0.26 -0.981 87.20915275 91.68655075 1.9047215 1.0 113.18443825 95.488723 -0.24783775
0.255 -0.9845 86.61292575 91.398033 2.7243235 1.0095 111.64902175 94.898696 -0.053535
0.25 -0.9878 87.21741175 94.77414675 1.47518025 1.0189 107.7108595 98.044005 0.092721
0.245 -0.991 89.546239 93.9557795 2.230146 1.028 106.5325295 95.783253 1.215175
0.24 -0.9941 90.3122925 95.66915325 2.30175175 1.0369 104.3775185 98.562312 0.2653405
0.235 -0.9971 89.442413 96.3552755 2.253331 1.0457 101.81776075 100.46920175 -0.177804
0.23 -0.9999 90.690038 95.091474 3.112238 1.0544 101.827354 100.5315695 0.76261575
0.225 -1.0028 91.1284485 94.510323 3.64604725 1.063 99.57994625 105.98771075 0.091317
0.22 -1.0055 90.89230775 97.5164395 2.95882625 1.0714 99.010549 102.9832 1.43138425
0.215 -1.0082 92.333369 96.95878375 2.77351075 1.0797 98.2608795 106.614493 0.78980275
0.21 -1.0108 93.8515975 98.45066025 2.72127325 1.0878 98.245666 104.96583625 1.56973475
0.205 -1.0134 93.07699225 99.68217375 2.9710195 1.0958 95.9195705 110.7555265 -0.25869475
0.2 -1.016 92.967107 96.8790715 4.015249 1.1037 92.896425 112.4365595 -0.06920525
0.195 -1.0185 93.1191135 102.22450375 2.61631575 1.1114 93.243485 109.17714775 2.030107
0.19 -1.021 93.00744025 100.387949 2.8967045 1.119 92.521716 110.41397475 1.975726
0.185 -1.0235 94.3889665 101.30112475 2.94278625 1.1265 91.3994315 114.32165325 1.97071375
0.18 -1.026 95.632971 102.38641975 3.23771275 1.1337 89.69183525 117.78778625 0.82860925
0.175 -1.0284 95.2170905 104.77840475 2.68251175 1.1409 84.59042075 116.0543915 1.65831775
0.17 -1.0309 96.0517575 104.251019 3.322867 1.1479 84.96463725 122.88189925 -0.0194275
0.165 -1.0333 97.279438 105.18102775 2.99242225 1.1547 85.45823925 121.88062075 1.04635375
0.16 -1.0357 96.71643325 104.31996875 3.58172175 1.1614 82.10445125 126.94481925 0.4359565
0.155 -1.0381 97.3817665 106.26049875 3.34983225 1.1679 83.2813775 127.04737075 0.28161725
0.15 -1.0404 98.20820825 107.85164625 3.24638325 1.1743 83.56709 131.4342275 -0.1832645
0.145 -1.0428 98.5732495 108.3724475 3.593875 1.1804 82.95195875 134.80065825 -1.0084725
0.14 -1.0451 100.57144575 108.407052 3.958118 1.1865 83.389704 134.166631 -1.505962
0.135 -1.0474 101.40412475 108.07330025 4.13562425 1.1923 74.22114625 134.825167 1.123422
0.13 -1.0496 101.914912 111.24895275 3.181458 1.198 78.5123685 141.96469125 -0.0825305
0.125 -1.0518 103.783803 115.095618 2.3656335 1.2035 79.26159575 136.9467845 0.37522875
0.12 -1.054 105.6758075 114.84587325 3.48582775 1.2088 74.76536225 133.516698 2.06429125
0.115 -1.0562 105.27003025 113.992783 3.9175825 1.2139 77.3666875 141.78347425 -0.00337
0.11 -1.0583 106.27814025 114.889375 4.556829 1.2189 72.73519025 142.8706585 2.40624075
0.105 -1.0603 106.78172275 118.248493 3.967632 1.2236 71.697782 149.60963 -2.00482075
0.1 -1.0623 109.64943975 121.01043575 3.5180985 1.2282 74.07238675 141.87306 2.52913925
0.095 -1.0642 109.78844325 119.588677 4.50545275 1.2325 68.79258375 141.76067175 2.09133875
0.09 -1.0661 113.6925615 123.497222 3.598761 1.2367 66.74255 147.593526 1.3342175
0.085 -1.0679 112.672166 124.2976315 3.503514 1.2406 66.77650375 149.17071925 2.1789335
0.08 -1.0696 112.0051095 126.31781675 2.85022725 1.2444 62.16550575 148.70290275 3.142239
0.075 -1.0712 111.2121695 124.62558325 3.72833075 1.2479 63.3176215 156.01676925 2.52821125
0.07 -1.0728 111.62443325 122.536686 4.827915 1.2512 70.395405 169.23287125 -1.07444525
0.065 -1.0743 113.282721 125.91748625 3.38469225 1.2543 61.863285 156.19415275 5.106008
0.06 -1.0756 114.61524275 126.898021 3.53318025 1.2572 60.53472725 175.37449025 -1.349075
0.055 -1.0769 113.86391375 125.9641005 4.43996975 1.2599 56.861197 173.2077805 1.30128625
0.05 -1.0781 114.179353 128.048364 4.387897 1.2623 53.30403025 163.31438475 5.7815905
0.045 -1.0792 113.91961375 130.5820035 3.32103 1.2646 59.86648825 171.0676645 2.25377475
0.04 -1.0802 112.42916225 130.63675025 3.2686045 1.2666 66.1737765 165.684208 5.05076525
0.035 -1.081 111.897209 125.180249 5.8954055 1.2683 61.36597625 172.67793075 5.09291225
0.03 -1.0818 111.1181505 126.7480595 5.2411215 1.2699 60.947076 178.5483235 1.7213875
0.025 -1.0825 107.94620575 131.278751 3.93249975 1.2712 55.8775795 180.83852225 3.5154305
0.02 -1.083 108.478636 127.55403675 5.63834925 1.2722 58.77842025 191.38423525 0.02911625
0.015 -1.0834 108.1975655 125.9507255 5.71697975 1.2731 62.7008895 171.2234955 6.76979525
0.01 -1.0837 107.71025125 124.49184725 6.94374675 1.2737 60.67141925 184.979614 1.22569775
0.005 -1.0839 108.32722875 122.5517375 7.58310925 1.2741 60.3505985 175.53658625 5.77179625
-4.4408920985e-16 -1.0839 108.63830125 121.584895 7.60262875 1.2742 64.79611575 174.6559925 5.61611925
