# base_kpoint_direct 0.0 0.0 0.0
# effective_genFröhlich_mass 0.39992957651412864
# n_degenerate 4
# lebedev_order 21
# sphere_radius 0.0014469931558637238
# 
# weight kx ky kz mass1 mass2 mass3 mass4
6.967855090540038543e-02 1.000000000000000000e+00 0.000000000000000000e+00 0.000000000000000000e+00 7.046683598186368469e-01 7.046664538685332158e-01 2.510994289825790315e-01 2.510992433348626651e-01
6.967855090540038543e-02 -1.000000000000000000e+00 0.000000000000000000e+00 0.000000000000000000e+00 7.046683598186368469e-01 7.046664538685332158e-01 2.510994289825790315e-01 2.510992433348626651e-01
6.967855090540038543e-02 0.000000000000000000e+00 1.000000000000000000e+00 0.000000000000000000e+00 7.046680888946121879e-01 7.046667926780865177e-01 2.510994820021869578e-01 2.510992630406075898e-01
6.967855090540038543e-02 0.000000000000000000e+00 -1.000000000000000000e+00 0.000000000000000000e+00 7.046680888946121879e-01 7.046667926780865177e-01 2.510994820021869578e-01 2.510992630406075898e-01
6.967855090540038543e-02 0.000000000000000000e+00 0.000000000000000000e+00 1.000000000000000000e+00 7.046768841552958351e-01 7.046754501006140536e-01 2.510982125837742940e-01 2.510980957176420780e-01
6.967855090540038543e-02 0.000000000000000000e+00 0.000000000000000000e+00 -1.000000000000000000e+00 7.046768841552958351e-01 7.046754501006140536e-01 2.510982125837742940e-01 2.510980957176420780e-01
7.629461771935279468e-02 0.000000000000000000e+00 7.071067811865474617e-01 7.071067811865474617e-01 4.929102394012414012e-01 4.929133979360226792e-01 2.964771309806917277e-01 2.964753504422764085e-01
7.629461771935279468e-02 0.000000000000000000e+00 -7.071067811865474617e-01 7.071067811865474617e-01 4.929143763798126687e-01 4.929092729895688252e-01 2.964754826861935033e-01 2.964770290602331548e-01
7.629461771935279468e-02 0.000000000000000000e+00 7.071067811865474617e-01 -7.071067811865474617e-01 4.929143763798126687e-01 4.929092729895688252e-01 2.964754826861935033e-01 2.964770290602331548e-01
7.629461771935279468e-02 0.000000000000000000e+00 -7.071067811865474617e-01 -7.071067811865474617e-01 4.929102394012414012e-01 4.929133979360226792e-01 2.964771309806917277e-01 2.964753504422764085e-01
7.629461771935279468e-02 7.071067811865474617e-01 0.000000000000000000e+00 7.071067811865474617e-01 4.929097588429709464e-01 4.929130364340201798e-01 2.964771334590975416e-01 2.964753823316394477e-01
7.629461771935279468e-02 7.071067811865474617e-01 0.000000000000000000e+00 -7.071067811865474617e-01 4.929142986170937935e-01 4.929090530691961347e-01 2.964754831814744862e-01 2.964770155197806178e-01
7.629461771935279468e-02 -7.071067811865474617e-01 0.000000000000000000e+00 7.071067811865474617e-01 4.929142986170937935e-01 4.929090530691961347e-01 2.964754831814744862e-01 2.964770155197806178e-01
7.629461771935279468e-02 -7.071067811865474617e-01 0.000000000000000000e+00 -7.071067811865474617e-01 4.929097588429709464e-01 4.929130364340201798e-01 2.964771334590975416e-01 2.964753823316394477e-01
7.629461771935279468e-02 7.071067811865474617e-01 7.071067811865474617e-01 0.000000000000000000e+00 4.929057981222694229e-01 4.929091649628856708e-01 2.964785628569810982e-01 2.964767778576117285e-01
7.629461771935279468e-02 -7.071067811865474617e-01 7.071067811865474617e-01 0.000000000000000000e+00 4.929099329318554212e-01 4.929050881056006861e-01 2.964771202027838837e-01 2.964786818848029193e-01
7.629461771935279468e-02 7.071067811865474617e-01 -7.071067811865474617e-01 0.000000000000000000e+00 4.929099329318554212e-01 4.929050881056006861e-01 2.964771202027838837e-01 2.964786818848029193e-01
7.629461771935279468e-02 -7.071067811865474617e-01 -7.071067811865474617e-01 0.000000000000000000e+00 4.929057981222694229e-01 4.929091649628856708e-01 2.964785628569810982e-01 2.964767778576117285e-01
8.021962308552600673e-02 5.773502691896257311e-01 5.773502691896257311e-01 5.773502691896257311e-01 4.053869992907799258e-01 4.054032225261803291e-01 3.407178518781318610e-01 3.407059290480747848e-01
8.021962308552600673e-02 -5.773502691896257311e-01 5.773502691896257311e-01 5.773502691896257311e-01 4.053977597387969922e-01 4.053922240713981884e-01 3.407097628466030370e-01 3.407140779588799240e-01
8.021962308552600673e-02 5.773502691896257311e-01 -5.773502691896257311e-01 5.773502691896257311e-01 4.053977639041999592e-01 4.053922038610768275e-01 3.407096091074262589e-01 3.407142508278120374e-01
8.021962308552600673e-02 5.773502691896257311e-01 5.773502691896257311e-01 -5.773502691896257311e-01 4.053978291929362099e-01 4.053922570801183345e-01 3.407096079034688252e-01 3.407143234477224558e-01
8.021962308552600673e-02 -5.773502691896257311e-01 -5.773502691896257311e-01 5.773502691896257311e-01 4.053978291929362099e-01 4.053922570801183345e-01 3.407096079034688252e-01 3.407143234477224558e-01
8.021962308552600673e-02 5.773502691896257311e-01 -5.773502691896257311e-01 -5.773502691896257311e-01 4.053977597387969922e-01 4.053922240713981884e-01 3.407097628466030370e-01 3.407140779588799240e-01
8.021962308552600673e-02 -5.773502691896257311e-01 5.773502691896257311e-01 -5.773502691896257311e-01 4.053977639041999592e-01 4.053922038610768275e-01 3.407096091074262589e-01 3.407142508278120374e-01
8.021962308552600673e-02 -5.773502691896257311e-01 -5.773502691896257311e-01 -5.773502691896257311e-01 4.053869992907799258e-01 4.054032225261803291e-01 3.407178518781318610e-01 3.407059290480747848e-01
6.513636946550790952e-02 2.551252621114133978e-01 2.551252621114133978e-01 9.326425903126904782e-01 6.023767360897326339e-01 6.023796231662572609e-01 2.672684350078508020e-01 2.672673859199843904e-01
6.513636946550790952e-02 -2.551252621114133978e-01 2.551252621114133978e-01 9.326425903126904782e-01 6.023791431022634812e-01 6.023764305388017437e-01 2.672679431048196608e-01 2.672678859463661349e-01
6.513636946550790952e-02 2.551252621114133978e-01 -2.551252621114133978e-01 9.326425903126904782e-01 6.023788588015799306e-01 6.023768392651716042e-01 2.672679971843979763e-01 2.672679106497066748e-01
6.513636946550790952e-02 2.551252621114133978e-01 2.551252621114133978e-01 -9.326425903126904782e-01 6.023805761769703837e-01 6.023757232926308935e-01 2.672676029799886388e-01 2.672682202588808620e-01
6.513636946550790952e-02 -2.551252621114133978e-01 -2.551252621114133978e-01 9.326425903126904782e-01 6.023805761769703837e-01 6.023757232926308935e-01 2.672676029799886388e-01 2.672682202588808620e-01
6.513636946550790952e-02 -2.551252621114133978e-01 2.551252621114133978e-01 -9.326425903126904782e-01 6.023788588015799306e-01 6.023768392651716042e-01 2.672679971843979763e-01 2.672679106497066748e-01
6.513636946550790952e-02 2.551252621114133978e-01 -2.551252621114133978e-01 -9.326425903126904782e-01 6.023791431022634812e-01 6.023764305388017437e-01 2.672679431048196608e-01 2.672678859463661349e-01
6.513636946550790952e-02 -2.551252621114133978e-01 -2.551252621114133978e-01 -9.326425903126904782e-01 6.023767360897326339e-01 6.023796231662572609e-01 2.672684350078508020e-01 2.672673859199843904e-01
6.513636946550790952e-02 -2.551252621114134533e-01 9.326425903126905892e-01 2.551252621114134533e-01 6.023725852992882768e-01 6.023707399761354386e-01 2.672692188043492845e-01 2.672692085973833453e-01
6.513636946550790952e-02 2.551252621114134533e-01 -9.326425903126905892e-01 2.551252621114134533e-01 6.023735597762753802e-01 6.023687847225427383e-01 2.672689585421957892e-01 2.672695627707372124e-01
6.513636946550790952e-02 2.551252621114134533e-01 9.326425903126905892e-01 -2.551252621114134533e-01 6.023728405462993596e-01 6.023708674888651471e-01 2.672692759377152116e-01 2.672692197328384589e-01
6.513636946550790952e-02 -2.551252621114134533e-01 -9.326425903126905892e-01 2.551252621114134533e-01 6.023728405462993596e-01 6.023708674888651471e-01 2.672692759377152116e-01 2.672692197328384589e-01
6.513636946550790952e-02 -2.551252621114134533e-01 9.326425903126905892e-01 -2.551252621114134533e-01 6.023735597762753802e-01 6.023687847225427383e-01 2.672689585421957892e-01 2.672695627707372124e-01
6.513636946550790952e-02 2.551252621114134533e-01 -9.326425903126905892e-01 -2.551252621114134533e-01 6.023725852992882768e-01 6.023707399761354386e-01 2.672692188043492845e-01 2.672692085973833453e-01
6.513636946550790952e-02 -2.551252621114134533e-01 -9.326425903126905892e-01 -2.551252621114134533e-01 6.023699357772223095e-01 6.023733244694855493e-01 2.672697230631128074e-01 2.672686733718019347e-01
6.513636946550790952e-02 2.551252621114134533e-01 9.326425903126905892e-01 2.551252621114134533e-01 6.023699357772223095e-01 6.023733244694855493e-01 2.672697230631128074e-01 2.672686733718019347e-01
6.513636946550790952e-02 9.326425903126905892e-01 2.551252621114134533e-01 2.551252621114134533e-01 6.023700520485785193e-01 6.023728739112989006e-01 2.672697395675119325e-01 2.672686678425834628e-01
6.513636946550790952e-02 -9.326425903126905892e-01 2.551252621114134533e-01 2.551252621114134533e-01 6.023733017509493859e-01 6.023693354172975356e-01 2.672689671295013225e-01 2.672694785618721647e-01
6.513636946550790952e-02 9.326425903126905892e-01 -2.551252621114134533e-01 2.551252621114134533e-01 6.023726584317909971e-01 6.023705717268613702e-01 2.672692618820838861e-01 2.672693050111477620e-01
6.513636946550790952e-02 9.326425903126905892e-01 2.551252621114134533e-01 -2.551252621114134533e-01 6.023723585299933792e-01 6.023708854664212575e-01 2.672692138026953046e-01 2.672692075774885656e-01
6.513636946550790952e-02 -9.326425903126905892e-01 -2.551252621114134533e-01 2.551252621114134533e-01 6.023723585299933792e-01 6.023708854664212575e-01 2.672692138026953046e-01 2.672692075774885656e-01
6.513636946550790952e-02 -9.326425903126905892e-01 2.551252621114134533e-01 -2.551252621114134533e-01 6.023726584317909971e-01 6.023705717268613702e-01 2.672692618820838861e-01 2.672693050111477620e-01
6.513636946550790952e-02 9.326425903126905892e-01 -2.551252621114134533e-01 -2.551252621114134533e-01 6.023733017509493859e-01 6.023693354172975356e-01 2.672689671295013225e-01 2.672694785618721647e-01
6.513636946550790952e-02 -9.326425903126905892e-01 -2.551252621114134533e-01 -2.551252621114134533e-01 6.023700520485785193e-01 6.023728739112989006e-01 2.672697395675119325e-01 2.672686678425834628e-01
7.939343745253053808e-02 6.743601460362765865e-01 6.743601460362765865e-01 3.007935951377015416e-01 4.575326468015338821e-01 4.575400696468913675e-01 3.109360125599590630e-01 3.109319780571350722e-01
7.939343745253053808e-02 -6.743601460362765865e-01 6.743601460362765865e-01 3.007935951377015416e-01 4.575385855162875659e-01 4.575334332513675273e-01 3.109329999860819815e-01 3.109349518674218160e-01
7.939343745253053808e-02 6.743601460362765865e-01 -6.743601460362765865e-01 3.007935951377015416e-01 4.575384983585379928e-01 4.575338529398886300e-01 3.109329580024269846e-01 3.109349321927610266e-01
7.939343745253053808e-02 6.743601460362765865e-01 6.743601460362765865e-01 -3.007935951377015416e-01 4.575362246179214831e-01 4.575359652434437541e-01 3.109341497922296083e-01 3.109336480884904996e-01
7.939343745253053808e-02 -6.743601460362765865e-01 -6.743601460362765865e-01 3.007935951377015416e-01 4.575362246179214831e-01 4.575359652434437541e-01 3.109341497922296083e-01 3.109336480884904996e-01
7.939343745253053808e-02 -6.743601460362765865e-01 6.743601460362765865e-01 -3.007935951377015416e-01 4.575384983585379928e-01 4.575338529398886300e-01 3.109329580024269846e-01 3.109349321927610266e-01
7.939343745253053808e-02 6.743601460362765865e-01 -6.743601460362765865e-01 -3.007935951377015416e-01 4.575385855162875659e-01 4.575334332513675273e-01 3.109329999860819815e-01 3.109349518674218160e-01
7.939343745253053808e-02 -6.743601460362765865e-01 -6.743601460362765865e-01 -3.007935951377015416e-01 4.575326468015338821e-01 4.575400696468913675e-01 3.109360125599590630e-01 3.109319780571350722e-01
7.939343745253053808e-02 -6.743601460362765865e-01 3.007935951377015416e-01 6.743601460362765865e-01 4.575421784737351283e-01 4.575371824713549973e-01 3.109313368134768996e-01 3.109333560033307742e-01
7.939343745253053808e-02 6.743601460362765865e-01 -3.007935951377015416e-01 6.743601460362765865e-01 4.575396712548036038e-01 4.575394193205247761e-01 3.109325866828421270e-01 3.109320889949696576e-01
7.939343745253053808e-02 6.743601460362765865e-01 3.007935951377015416e-01 -6.743601460362765865e-01 4.575420618104212300e-01 4.575372896062561145e-01 3.109312699559214077e-01 3.109334831830861123e-01
7.939343745253053808e-02 -6.743601460362765865e-01 -3.007935951377015416e-01 6.743601460362765865e-01 4.575420618104212300e-01 4.575372896062561145e-01 3.109312699559214077e-01 3.109334831830861123e-01
7.939343745253053808e-02 -6.743601460362765865e-01 3.007935951377015416e-01 -6.743601460362765865e-01 4.575396712548036038e-01 4.575394193205247761e-01 3.109325866828421270e-01 3.109320889949696576e-01
7.939343745253053808e-02 6.743601460362765865e-01 -3.007935951377015416e-01 -6.743601460362765865e-01 4.575421784737351283e-01 4.575371824713549973e-01 3.109313368134768996e-01 3.109333560033307742e-01
7.939343745253053808e-02 -6.743601460362765865e-01 -3.007935951377015416e-01 -6.743601460362765865e-01 4.575356580425951059e-01 4.575436916056891401e-01 3.109342289788289415e-01 3.109304148957912628e-01
7.939343745253053808e-02 6.743601460362765865e-01 3.007935951377015416e-01 6.743601460362765865e-01 4.575356580425951059e-01 4.575436916056891401e-01 3.109342289788289415e-01 3.109304148957912628e-01
7.939343745253053808e-02 3.007935951377015416e-01 6.743601460362765865e-01 6.743601460362765865e-01 4.575360415584977525e-01 4.575434081088690097e-01 3.109344351571788900e-01 3.109303266868859716e-01
7.939343745253053808e-02 -3.007935951377015416e-01 6.743601460362765865e-01 6.743601460362765865e-01 4.575396528043021438e-01 4.575394090707793904e-01 3.109327529676494950e-01 3.109321622945042662e-01
7.939343745253053808e-02 3.007935951377015416e-01 -6.743601460362765865e-01 6.743601460362765865e-01 4.575422451378411415e-01 4.575371785989535423e-01 3.109313576878852681e-01 3.109333548660536684e-01
7.939343745253053808e-02 3.007935951377015416e-01 6.743601460362765865e-01 -6.743601460362765865e-01 4.575419560878691838e-01 4.575370382432412120e-01 3.109313325161878749e-01 3.109332980412753411e-01
7.939343745253053808e-02 -3.007935951377015416e-01 -6.743601460362765865e-01 6.743601460362765865e-01 4.575419560878691838e-01 4.575370382432412120e-01 3.109313325161878749e-01 3.109332980412753411e-01
7.939343745253053808e-02 -3.007935951377015416e-01 6.743601460362765865e-01 -6.743601460362765865e-01 4.575422451378411415e-01 4.575371785989535423e-01 3.109313576878852681e-01 3.109333548660536684e-01
7.939343745253053808e-02 3.007935951377015416e-01 -6.743601460362765865e-01 -6.743601460362765865e-01 4.575396528043021438e-01 4.575394090707793904e-01 3.109327529676494950e-01 3.109321622945042662e-01
7.939343745253053808e-02 -3.007935951377015416e-01 -6.743601460362765865e-01 -6.743601460362765865e-01 4.575360415584977525e-01 4.575434081088690097e-01 3.109344351571788900e-01 3.109303266868859716e-01
7.793248373075363500e-02 4.318910696719410192e-01 4.318910696719410192e-01 7.917955593934921099e-01 4.765179398481999007e-01 4.765252361619277677e-01 3.027397910742631870e-01 3.027364304870973633e-01
7.793248373075363500e-02 -4.318910696719410192e-01 4.318910696719410192e-01 7.917955593934921099e-01 4.765226184179281455e-01 4.765199849308277558e-01 3.027378542075185863e-01 3.027384420653210229e-01
7.793248373075363500e-02 4.318910696719410192e-01 -4.318910696719410192e-01 7.917955593934921099e-01 4.765225664833852570e-01 4.765203940616063449e-01 3.027377036274219724e-01 3.027382405188727699e-01
7.793248373075363500e-02 4.318910696719410192e-01 4.318910696719410192e-01 -7.917955593934921099e-01 4.765237110340242999e-01 4.765188192534980383e-01 3.027372495898443816e-01 3.027388556727713675e-01
7.793248373075363500e-02 -4.318910696719410192e-01 -4.318910696719410192e-01 7.917955593934921099e-01 4.765237110340242999e-01 4.765188192534980383e-01 3.027372495898443816e-01 3.027388556727713675e-01
7.793248373075363500e-02 -4.318910696719410192e-01 4.318910696719410192e-01 -7.917955593934921099e-01 4.765225664833852570e-01 4.765203940616063449e-01 3.027377036274219724e-01 3.027382405188727699e-01
7.793248373075363500e-02 4.318910696719410192e-01 -4.318910696719410192e-01 -7.917955593934921099e-01 4.765226184179281455e-01 4.765199849308277558e-01 3.027378542075185863e-01 3.027384420653210229e-01
7.793248373075363500e-02 -4.318910696719410192e-01 -4.318910696719410192e-01 -7.917955593934921099e-01 4.765179398481999007e-01 4.765252361619277677e-01 3.027397910742631870e-01 3.027364304870973633e-01
7.793248373075363500e-02 -4.318910696719410192e-01 7.917955593934921099e-01 4.318910696719410192e-01 4.765185430078615614e-01 4.765161263207819964e-01 3.027394359196810547e-01 3.027399185013338601e-01
7.793248373075363500e-02 4.318910696719410192e-01 -7.917955593934921099e-01 4.318910696719410192e-01 4.765200140430132514e-01 4.765149651073117276e-01 3.027387142042716195e-01 3.027404880985441471e-01
7.793248373075363500e-02 4.318910696719410192e-01 7.917955593934921099e-01 -4.318910696719410192e-01 4.765187426986798314e-01 4.765162565971320374e-01 3.027393926938154456e-01 3.027398468962488876e-01
7.793248373075363500e-02 -4.318910696719410192e-01 -7.917955593934921099e-01 4.318910696719410192e-01 4.765187426986798314e-01 4.765162565971320374e-01 3.027393926938154456e-01 3.027398468962488876e-01
7.793248373075363500e-02 -4.318910696719410192e-01 7.917955593934921099e-01 -4.318910696719410192e-01 4.765200140430132514e-01 4.765149651073117276e-01 3.027387142042716195e-01 3.027404880985441471e-01
7.793248373075363500e-02 4.318910696719410192e-01 -7.917955593934921099e-01 -4.318910696719410192e-01 4.765185430078615614e-01 4.765161263207819964e-01 3.027394359196810547e-01 3.027399185013338601e-01
7.793248373075363500e-02 -4.318910696719410192e-01 -7.917955593934921099e-01 -4.318910696719410192e-01 4.765140310717200789e-01 4.765209031872527645e-01 3.027413093178022985e-01 3.027380724457424122e-01
7.793248373075363500e-02 4.318910696719410192e-01 7.917955593934921099e-01 4.318910696719410192e-01 4.765140310717200789e-01 4.765209031872527645e-01 3.027413093178022985e-01 3.027380724457424122e-01
7.793248373075363500e-02 7.917955593934921099e-01 4.318910696719410192e-01 4.318910696719410192e-01 4.765144571820586483e-01 4.765210824387255961e-01 3.027413126633274887e-01 3.027379196865653266e-01
7.793248373075363500e-02 -7.917955593934921099e-01 4.318910696719410192e-01 4.318910696719410192e-01 4.765204169446082272e-01 4.765150751767016080e-01 3.027387535762762760e-01 3.027404583243579750e-01
7.793248373075363500e-02 7.917955593934921099e-01 -4.318910696719410192e-01 4.318910696719410192e-01 4.765188416265948024e-01 4.765165045337605987e-01 3.027394031438200850e-01 3.027398107789218140e-01
7.793248373075363500e-02 7.917955593934921099e-01 4.318910696719410192e-01 -4.318910696719410192e-01 4.765189209494092304e-01 4.765164730516719405e-01 3.027394235356308250e-01 3.027397954135263580e-01
7.793248373075363500e-02 -7.917955593934921099e-01 -4.318910696719410192e-01 4.318910696719410192e-01 4.765189209494092304e-01 4.765164730516719405e-01 3.027394235356308250e-01 3.027397954135263580e-01
7.793248373075363500e-02 -7.917955593934921099e-01 4.318910696719410192e-01 -4.318910696719410192e-01 4.765188416265948024e-01 4.765165045337605987e-01 3.027394031438200850e-01 3.027398107789218140e-01
7.793248373075363500e-02 7.917955593934921099e-01 -4.318910696719410192e-01 -4.318910696719410192e-01 4.765204169446082272e-01 4.765150751767016080e-01 3.027387535762762760e-01 3.027404583243579750e-01
7.793248373075363500e-02 -7.917955593934921099e-01 -4.318910696719410192e-01 -4.318910696719410192e-01 4.765144571820586483e-01 4.765210824387255961e-01 3.027413126633274887e-01 3.027379196865653266e-01
6.882781368562168600e-02 2.613931360335988163e-01 9.652324219764484292e-01 0.000000000000000000e+00 6.478909056872114158e-01 6.478912551513942297e-01 2.591913063292684005e-01 2.591907610478348389e-01
6.882781368562168600e-02 -2.613931360335988163e-01 9.652324219764484292e-01 0.000000000000000000e+00 6.478931996246738434e-01 6.478892231098499765e-01 2.591910498207901092e-01 2.591912454306473101e-01
6.882781368562168600e-02 2.613931360335988163e-01 -9.652324219764484292e-01 0.000000000000000000e+00 6.478931996246738434e-01 6.478892231098499765e-01 2.591910498207901092e-01 2.591912454306473101e-01
6.882781368562168600e-02 -2.613931360335988163e-01 -9.652324219764484292e-01 0.000000000000000000e+00 6.478909056872114158e-01 6.478912551513942297e-01 2.591913063292684005e-01 2.591907610478348389e-01
6.882781368562168600e-02 9.652324219764484292e-01 2.613931360335988163e-01 0.000000000000000000e+00 6.478909433145488839e-01 6.478914503841034511e-01 2.591912981476168776e-01 2.591908794091219437e-01
6.882781368562168600e-02 -9.652324219764484292e-01 2.613931360335988163e-01 0.000000000000000000e+00 6.478930871188237628e-01 6.478897383467049353e-01 2.591909522821579936e-01 2.591912077754666699e-01
6.882781368562168600e-02 9.652324219764484292e-01 -2.613931360335988163e-01 0.000000000000000000e+00 6.478930871188237628e-01 6.478897383467049353e-01 2.591909522821579936e-01 2.591912077754666699e-01
6.882781368562168600e-02 -9.652324219764484292e-01 -2.613931360335988163e-01 0.000000000000000000e+00 6.478909433145488839e-01 6.478914503841034511e-01 2.591912981476168776e-01 2.591908794091219437e-01
6.882781368562168600e-02 2.613931360335988163e-01 0.000000000000000000e+00 9.652324219764484292e-01 6.478990789884415680e-01 6.478994463285356886e-01 2.591900299285095355e-01 2.591895143306915950e-01
6.882781368562168600e-02 -2.613931360335988163e-01 0.000000000000000000e+00 9.652324219764484292e-01 6.479009557151762522e-01 6.478972897510141271e-01 2.591896753329144265e-01 2.591898855136793300e-01
6.882781368562168600e-02 2.613931360335988163e-01 0.000000000000000000e+00 -9.652324219764484292e-01 6.479009557151762522e-01 6.478972897510141271e-01 2.591896753329144265e-01 2.591898855136793300e-01
6.882781368562168600e-02 -2.613931360335988163e-01 0.000000000000000000e+00 -9.652324219764484292e-01 6.478990789884415680e-01 6.478994463285356886e-01 2.591900299285095355e-01 2.591895143306915950e-01
6.882781368562168600e-02 9.652324219764484292e-01 0.000000000000000000e+00 2.613931360335988163e-01 6.478917626454876455e-01 6.478921106028573407e-01 2.591911105609649435e-01 2.591907448565282657e-01
6.882781368562168600e-02 -9.652324219764484292e-01 0.000000000000000000e+00 2.613931360335988163e-01 6.478945159620418393e-01 6.478899106233509952e-01 2.591908767849695483e-01 2.591911237646988275e-01
6.882781368562168600e-02 9.652324219764484292e-01 0.000000000000000000e+00 -2.613931360335988163e-01 6.478945159620418393e-01 6.478899106233509952e-01 2.591908767849695483e-01 2.591911237646988275e-01
6.882781368562168600e-02 -9.652324219764484292e-01 0.000000000000000000e+00 -2.613931360335988163e-01 6.478917626454876455e-01 6.478921106028573407e-01 2.591911105609649435e-01 2.591907448565282657e-01
6.882781368562168600e-02 0.000000000000000000e+00 2.613931360335988163e-01 9.652324219764484292e-01 6.478988751756982190e-01 6.479003114513940398e-01 2.591900807899917281e-01 2.591894828879491852e-01
6.882781368562168600e-02 0.000000000000000000e+00 -2.613931360335988163e-01 9.652324219764484292e-01 6.479011326153626404e-01 6.478975093942678232e-01 2.591898013001723289e-01 2.591900022951616478e-01
6.882781368562168600e-02 0.000000000000000000e+00 2.613931360335988163e-01 -9.652324219764484292e-01 6.479011326153626404e-01 6.478975093942678232e-01 2.591898013001723289e-01 2.591900022951616478e-01
6.882781368562168600e-02 0.000000000000000000e+00 -2.613931360335988163e-01 -9.652324219764484292e-01 6.478988751756982190e-01 6.479003114513940398e-01 2.591900807899917281e-01 2.591894828879491852e-01
6.882781368562168600e-02 0.000000000000000000e+00 9.652324219764484292e-01 2.613931360335988163e-01 6.478918548341295880e-01 6.478920184424127315e-01 2.591912400978718667e-01 2.591907135658086392e-01
6.882781368562168600e-02 0.000000000000000000e+00 -9.652324219764484292e-01 2.613931360335988163e-01 6.478943821493683419e-01 6.478908079861962488e-01 2.591908021067410584e-01 2.591910808416346135e-01
6.882781368562168600e-02 0.000000000000000000e+00 9.652324219764484292e-01 -2.613931360335988163e-01 6.478943821493683419e-01 6.478908079861962488e-01 2.591908021067410584e-01 2.591910808416346135e-01
6.882781368562168600e-02 0.000000000000000000e+00 -9.652324219764484292e-01 -2.613931360335988163e-01 6.478918548341295880e-01 6.478920184424127315e-01 2.591912400978718667e-01 2.591907135658086392e-01
7.500092515800829696e-02 4.990453161796036263e-01 1.446630744325115014e-01 8.544158046846588306e-01 5.328078998527057131e-01 5.328120538999505662e-01 2.837008840773877494e-01 2.836992530029761594e-01
7.500092515800829696e-02 -4.990453161796036263e-01 1.446630744325115014e-01 8.544158046846588306e-01 5.328115018017487436e-01 5.328075581216675793e-01 2.836997790998161961e-01 2.837005966550447122e-01
7.500092515800829696e-02 4.990453161796036263e-01 -1.446630744325115014e-01 8.544158046846588306e-01 5.328090633487837513e-01 5.328101662807391836e-01 2.837004219061439736e-01 2.836997447356345292e-01
7.500092515800829696e-02 4.990453161796036263e-01 1.446630744325115014e-01 -8.544158046846588306e-01 5.328118467498689226e-01 5.328069607657511808e-01 2.836996164215629945e-01 2.837005839294363674e-01
7.500092515800829696e-02 -4.990453161796036263e-01 -1.446630744325115014e-01 8.544158046846588306e-01 5.328118467498689226e-01 5.328069607657511808e-01 2.836996164215629945e-01 2.837005839294363674e-01
7.500092515800829696e-02 4.990453161796036263e-01 -1.446630744325115014e-01 -8.544158046846588306e-01 5.328115018017487436e-01 5.328075581216675793e-01 2.836997790998161961e-01 2.837005966550447122e-01
7.500092515800829696e-02 -4.990453161796036263e-01 1.446630744325115014e-01 -8.544158046846588306e-01 5.328090633487837513e-01 5.328101662807391836e-01 2.837004219061439736e-01 2.836997447356345292e-01
7.500092515800829696e-02 -4.990453161796036263e-01 -1.446630744325115014e-01 -8.544158046846588306e-01 5.328078998527057131e-01 5.328120538999505662e-01 2.837008840773877494e-01 2.836992530029761594e-01
7.500092515800829696e-02 1.446630744325115014e-01 4.990453161796036263e-01 8.544158046846588306e-01 5.328075705553112495e-01 5.328120124176621841e-01 2.837009522552224050e-01 2.836992804812163427e-01
7.500092515800829696e-02 -1.446630744325115014e-01 4.990453161796036263e-01 8.544158046846588306e-01 5.328095156470117333e-01 5.328100478636509374e-01 2.837005157138350331e-01 2.836997696862086360e-01
7.500092515800829696e-02 1.446630744325115014e-01 -4.990453161796036263e-01 8.544158046846588306e-01 5.328112599253569392e-01 5.328073925586116477e-01 2.836998629767133462e-01 2.837004444971003014e-01
7.500092515800829696e-02 1.446630744325115014e-01 4.990453161796036263e-01 -8.544158046846588306e-01 5.328118773278212039e-01 5.328072950141763409e-01 2.836996213072379702e-01 2.837006029392515338e-01
7.500092515800829696e-02 -1.446630744325115014e-01 -4.990453161796036263e-01 8.544158046846588306e-01 5.328118773278212039e-01 5.328072950141763409e-01 2.836996213072379702e-01 2.837006029392515338e-01
7.500092515800829696e-02 1.446630744325115014e-01 -4.990453161796036263e-01 -8.544158046846588306e-01 5.328095156470117333e-01 5.328100478636509374e-01 2.837005157138350331e-01 2.836997696862086360e-01
7.500092515800829696e-02 -1.446630744325115014e-01 4.990453161796036263e-01 -8.544158046846588306e-01 5.328112599253569392e-01 5.328073925586116477e-01 2.836998629767133462e-01 2.837004444971003014e-01
7.500092515800829696e-02 -1.446630744325115014e-01 -4.990453161796036263e-01 -8.544158046846588306e-01 5.328075705553112495e-01 5.328120124176621841e-01 2.837009522552224050e-01 2.836992804812163427e-01
7.500092515800829696e-02 8.544158046846587196e-01 4.990453161796035708e-01 1.446630744325114737e-01 5.328022142641478665e-01 5.328062928118582064e-01 2.837026480532114925e-01 2.837009934730785332e-01
7.500092515800829696e-02 -8.544158046846587196e-01 4.990453161796035708e-01 1.446630744325114737e-01 5.328061793546283731e-01 5.328019403153863021e-01 2.837011465784022302e-01 2.837022147679976181e-01
7.500092515800829696e-02 8.544158046846587196e-01 -4.990453161796035708e-01 1.446630744325114737e-01 5.328056526136774051e-01 5.328022022513611011e-01 2.837013467361812480e-01 2.837020355523443560e-01
7.500092515800829696e-02 8.544158046846587196e-01 4.990453161796035708e-01 -1.446630744325114737e-01 5.328034252833016016e-01 5.328042125302764331e-01 2.837021412972496326e-01 2.837013634206766444e-01
7.500092515800829696e-02 -8.544158046846587196e-01 -4.990453161796035708e-01 1.446630744325114737e-01 5.328034252833016016e-01 5.328042125302764331e-01 2.837021412972496326e-01 2.837013634206766444e-01
7.500092515800829696e-02 8.544158046846587196e-01 -4.990453161796035708e-01 -1.446630744325114737e-01 5.328061793546283731e-01 5.328019403153863021e-01 2.837011465784022302e-01 2.837022147679976181e-01
7.500092515800829696e-02 -8.544158046846587196e-01 4.990453161796035708e-01 -1.446630744325114737e-01 5.328056526136774051e-01 5.328022022513611011e-01 2.837013467361812480e-01 2.837020355523443560e-01
7.500092515800829696e-02 -8.544158046846587196e-01 -4.990453161796035708e-01 -1.446630744325114737e-01 5.328022142641478665e-01 5.328062928118582064e-01 2.837026480532114925e-01 2.837009934730785332e-01
7.500092515800829696e-02 8.544158046846588306e-01 1.446630744325115014e-01 4.990453161796036263e-01 5.328035706482857625e-01 5.328079417231048609e-01 2.837019995054266830e-01 2.837003921564818509e-01
7.500092515800829696e-02 -8.544158046846588306e-01 1.446630744325115014e-01 4.990453161796036263e-01 5.328082395448301423e-01 5.328032897517149813e-01 2.837007514493419258e-01 2.837017358356027086e-01
7.500092515800829696e-02 8.544158046846588306e-01 -1.446630744325115014e-01 4.990453161796036263e-01 5.328057745912720966e-01 5.328059592274743128e-01 2.837016538782885511e-01 2.837008352635743691e-01
7.500092515800829696e-02 8.544158046846588306e-01 1.446630744325115014e-01 -4.990453161796036263e-01 5.328079223747734794e-01 5.328040384678842667e-01 2.837008859474760558e-01 2.837015795441532595e-01
7.500092515800829696e-02 -8.544158046846588306e-01 -1.446630744325115014e-01 4.990453161796036263e-01 5.328079223747734794e-01 5.328040384678842667e-01 2.837008859474760558e-01 2.837015795441532595e-01
7.500092515800829696e-02 8.544158046846588306e-01 -1.446630744325115014e-01 -4.990453161796036263e-01 5.328082395448301423e-01 5.328032897517149813e-01 2.837007514493419258e-01 2.837017358356027086e-01
7.500092515800829696e-02 -8.544158046846588306e-01 1.446630744325115014e-01 -4.990453161796036263e-01 5.328057745912720966e-01 5.328059592274743128e-01 2.837016538782885511e-01 2.837008352635743691e-01
7.500092515800829696e-02 -8.544158046846588306e-01 -1.446630744325115014e-01 -4.990453161796036263e-01 5.328035706482857625e-01 5.328079417231048609e-01 2.837019995054266830e-01 2.837003921564818509e-01
7.500092515800829696e-02 4.990453161796035708e-01 8.544158046846587196e-01 1.446630744325114737e-01 5.328021038612399396e-01 5.328057775355595771e-01 2.837026004313255578e-01 2.837008818621914452e-01
7.500092515800829696e-02 -4.990453161796035708e-01 8.544158046846587196e-01 1.446630744325114737e-01 5.328054677673816908e-01 5.328022185211993555e-01 2.837014679020885000e-01 2.837021385128712936e-01
7.500092515800829696e-02 4.990453161796035708e-01 -8.544158046846587196e-01 1.446630744325114737e-01 5.328062981906103168e-01 5.328017933580863064e-01 2.837013074280672065e-01 2.837022651488387281e-01
7.500092515800829696e-02 4.990453161796035708e-01 8.544158046846587196e-01 -1.446630744325114737e-01 5.328032437588093861e-01 5.328047446662196318e-01 2.837020369255603969e-01 2.837014351817363500e-01
7.500092515800829696e-02 -4.990453161796035708e-01 -8.544158046846587196e-01 1.446630744325114737e-01 5.328032437588093861e-01 5.328047446662196318e-01 2.837020369255603969e-01 2.837014351817363500e-01
7.500092515800829696e-02 4.990453161796035708e-01 -8.544158046846587196e-01 -1.446630744325114737e-01 5.328054677673816908e-01 5.328022185211993555e-01 2.837014679020885000e-01 2.837021385128712936e-01
7.500092515800829696e-02 -4.990453161796035708e-01 8.544158046846587196e-01 -1.446630744325114737e-01 5.328062981906103168e-01 5.328017933580863064e-01 2.837013074280672065e-01 2.837022651488387281e-01
7.500092515800829696e-02 -4.990453161796035708e-01 -8.544158046846587196e-01 -1.446630744325114737e-01 5.328021038612399396e-01 5.328057775355595771e-01 2.837026004313255578e-01 2.837008818621914452e-01
7.500092515800829696e-02 1.446630744325115014e-01 8.544158046846588306e-01 4.990453161796036263e-01 5.328037365467286346e-01 5.328081056104102542e-01 2.837021186680789842e-01 2.837004452017690692e-01
7.500092515800829696e-02 -1.446630744325115014e-01 8.544158046846588306e-01 4.990453161796036263e-01 5.328058970022812035e-01 5.328062617247125710e-01 2.837015996147272956e-01 2.837007685439216220e-01
7.500092515800829696e-02 1.446630744325115014e-01 -8.544158046846588306e-01 4.990453161796036263e-01 5.328076789466287266e-01 5.328035651803686434e-01 2.837007236383570219e-01 2.837017051677805379e-01
7.500092515800829696e-02 1.446630744325115014e-01 8.544158046846588306e-01 -4.990453161796036263e-01 5.328078555733319899e-01 5.328040796430328907e-01 2.837009371680301317e-01 2.837015744325535604e-01
7.500092515800829696e-02 -1.446630744325115014e-01 -8.544158046846588306e-01 4.990453161796036263e-01 5.328078555733319899e-01 5.328040796430328907e-01 2.837009371680301317e-01 2.837015744325535604e-01
7.500092515800829696e-02 1.446630744325115014e-01 -8.544158046846588306e-01 -4.990453161796036263e-01 5.328058970022812035e-01 5.328062617247125710e-01 2.837015996147272956e-01 2.837007685439216220e-01
7.500092515800829696e-02 -1.446630744325115014e-01 8.544158046846588306e-01 -4.990453161796036263e-01 5.328076789466287266e-01 5.328035651803686434e-01 2.837007236383570219e-01 2.837017051677805379e-01
7.500092515800829696e-02 -1.446630744325115014e-01 -8.544158046846588306e-01 -4.990453161796036263e-01 5.328037365467286346e-01 5.328081056104102542e-01 2.837021186680789842e-01 2.837004452017690692e-01
