# base_kpoint_direct 0.0 0.0 0.0
# effective_genFröhlich_mass 0.5109478137187771
# n_degenerate 3
# lebedev_order 21
# sphere_radius 0.0014469931558637238
# 
# weight kx ky kz mass1 mass2 mass3
6.967855090540038543e-02 1.000000000000000000e+00 0.000000000000000000e+00 0.000000000000000000e+00 6.170396738243912438e+00 2.606546088805026251e-01 2.606546068698559204e-01
6.967855090540038543e-02 -1.000000000000000000e+00 0.000000000000000000e+00 0.000000000000000000e+00 6.170396738243912438e+00 2.606546088805026251e-01 2.606546068698559204e-01
6.967855090540038543e-02 0.000000000000000000e+00 1.000000000000000000e+00 0.000000000000000000e+00 6.170397508923644914e+00 2.606546062923471019e-01 2.606546062923471019e-01
6.967855090540038543e-02 0.000000000000000000e+00 -1.000000000000000000e+00 0.000000000000000000e+00 6.170397508923644914e+00 2.606546062923471019e-01 2.606546062923471019e-01
6.967855090540038543e-02 0.000000000000000000e+00 0.000000000000000000e+00 1.000000000000000000e+00 6.170396026245821730e+00 2.606546081529002579e-01 2.606546081529002579e-01
6.967855090540038543e-02 0.000000000000000000e+00 0.000000000000000000e+00 -1.000000000000000000e+00 6.170396026245821730e+00 2.606546081529002579e-01 2.606546081529002579e-01
7.629461771935279468e-02 0.000000000000000000e+00 7.071067811865474617e-01 7.071067811865474617e-01 5.740597135670201245e-01 4.427770922057410741e-01 2.607343564087596932e-01
7.629461771935279468e-02 0.000000000000000000e+00 -7.071067811865474617e-01 7.071067811865474617e-01 5.740597150788304681e-01 4.427770890769123779e-01 2.607343560018211548e-01
7.629461771935279468e-02 0.000000000000000000e+00 7.071067811865474617e-01 -7.071067811865474617e-01 5.740597150788304681e-01 4.427770890769123779e-01 2.607343560018211548e-01
7.629461771935279468e-02 0.000000000000000000e+00 -7.071067811865474617e-01 -7.071067811865474617e-01 5.740597135670201245e-01 4.427770922057410741e-01 2.607343564087596932e-01
7.629461771935279468e-02 7.071067811865474617e-01 0.000000000000000000e+00 7.071067811865474617e-01 5.740597106938061245e-01 4.427770896256761346e-01 2.607343543161658173e-01
7.629461771935279468e-02 7.071067811865474617e-01 0.000000000000000000e+00 -7.071067811865474617e-01 5.740597082123306549e-01 4.427770856036205571e-01 2.607343570404970223e-01
7.629461771935279468e-02 -7.071067811865474617e-01 0.000000000000000000e+00 7.071067811865474617e-01 5.740597082123306549e-01 4.427770856036205571e-01 2.607343570404970223e-01
7.629461771935279468e-02 -7.071067811865474617e-01 0.000000000000000000e+00 -7.071067811865474617e-01 5.740597106938061245e-01 4.427770896256761346e-01 2.607343543161658173e-01
7.629461771935279468e-02 7.071067811865474617e-01 7.071067811865474617e-01 0.000000000000000000e+00 5.740597207614404063e-01 4.427770855569917452e-01 2.607343558649607429e-01
7.629461771935279468e-02 -7.071067811865474617e-01 7.071067811865474617e-01 0.000000000000000000e+00 5.740597093624526526e-01 4.427770891621528038e-01 2.607343557488067121e-01
7.629461771935279468e-02 7.071067811865474617e-01 -7.071067811865474617e-01 0.000000000000000000e+00 5.740597093624526526e-01 4.427770891621528038e-01 2.607343557488067121e-01
7.629461771935279468e-02 -7.071067811865474617e-01 -7.071067811865474617e-01 0.000000000000000000e+00 5.740597207614404063e-01 4.427770855569917452e-01 2.607343558649607429e-01
8.021962308552600673e-02 5.773502691896258421e-01 5.773502691896258421e-01 5.773502691896258421e-01 4.409931806044531943e-01 3.591921424681808195e-01 3.591921424681808195e-01
8.021962308552600673e-02 -5.773502691896258421e-01 5.773502691896258421e-01 5.773502691896258421e-01 4.409931868904936603e-01 3.591921403058625506e-01 3.591921403058625506e-01
8.021962308552600673e-02 5.773502691896258421e-01 -5.773502691896258421e-01 5.773502691896258421e-01 4.409931787235864542e-01 3.591921442497160721e-01 3.591921442497160721e-01
8.021962308552600673e-02 5.773502691896258421e-01 5.773502691896258421e-01 -5.773502691896258421e-01 4.409931782899339514e-01 3.591921423151155923e-01 3.591921423151155923e-01
8.021962308552600673e-02 -5.773502691896258421e-01 -5.773502691896258421e-01 5.773502691896258421e-01 4.409931782899339514e-01 3.591921423151155923e-01 3.591921423151155923e-01
8.021962308552600673e-02 5.773502691896258421e-01 -5.773502691896258421e-01 -5.773502691896258421e-01 4.409931868904936603e-01 3.591921403058625506e-01 3.591921403058625506e-01
8.021962308552600673e-02 -5.773502691896258421e-01 5.773502691896258421e-01 -5.773502691896258421e-01 4.409931787235864542e-01 3.591921442497160721e-01 3.591921442497160721e-01
8.021962308552600673e-02 -5.773502691896258421e-01 -5.773502691896258421e-01 -5.773502691896258421e-01 4.409931806044531943e-01 3.591921424681808195e-01 3.591921424681808195e-01
6.513636946550790952e-02 2.551252621114133978e-01 2.551252621114133978e-01 9.326425903126905892e-01 1.586111042419869666e+00 2.798009736416912085e-01 2.754167950362423900e-01
6.513636946550790952e-02 -2.551252621114133978e-01 2.551252621114133978e-01 9.326425903126905892e-01 1.586111099288578741e+00 2.798009715111970386e-01 2.754167970271889088e-01
6.513636946550790952e-02 2.551252621114133978e-01 -2.551252621114133978e-01 9.326425903126905892e-01 1.586111004944134928e+00 2.798009702082676076e-01 2.754167938862069898e-01
6.513636946550790952e-02 2.551252621114133978e-01 2.551252621114133978e-01 -9.326425903126905892e-01 1.586111088577508488e+00 2.798009708790699657e-01 2.754167940472226350e-01
6.513636946550790952e-02 -2.551252621114133978e-01 -2.551252621114133978e-01 9.326425903126905892e-01 1.586111088577508488e+00 2.798009708790699657e-01 2.754167940472226350e-01
6.513636946550790952e-02 -2.551252621114133978e-01 2.551252621114133978e-01 -9.326425903126905892e-01 1.586111004944134928e+00 2.798009702082676076e-01 2.754167938862069898e-01
6.513636946550790952e-02 2.551252621114133978e-01 -2.551252621114133978e-01 -9.326425903126905892e-01 1.586111099288578741e+00 2.798009715111970386e-01 2.754167970271889088e-01
6.513636946550790952e-02 -2.551252621114133978e-01 -2.551252621114133978e-01 -9.326425903126905892e-01 1.586111042419869666e+00 2.798009736416912085e-01 2.754167950362423900e-01
6.513636946550790952e-02 -2.551252621114133978e-01 9.326425903126905892e-01 2.551252621114133978e-01 1.586111097964180594e+00 2.798009710589418053e-01 2.754167914938266959e-01
6.513636946550790952e-02 2.551252621114133978e-01 -9.326425903126905892e-01 2.551252621114133978e-01 1.586111176113135901e+00 2.798009699788280846e-01 2.754167931695874483e-01
6.513636946550790952e-02 2.551252621114133978e-01 9.326425903126905892e-01 -2.551252621114133978e-01 1.586111093331151967e+00 2.798009704317457325e-01 2.754167918316885455e-01
6.513636946550790952e-02 -2.551252621114133978e-01 -9.326425903126905892e-01 2.551252621114133978e-01 1.586111093331151967e+00 2.798009704317457325e-01 2.754167918316885455e-01
6.513636946550790952e-02 -2.551252621114133978e-01 9.326425903126905892e-01 -2.551252621114133978e-01 1.586111176113135901e+00 2.798009699788280846e-01 2.754167931695874483e-01
6.513636946550790952e-02 2.551252621114133978e-01 -9.326425903126905892e-01 -2.551252621114133978e-01 1.586111097964180594e+00 2.798009710589418053e-01 2.754167914938266959e-01
6.513636946550790952e-02 -2.551252621114133978e-01 -9.326425903126905892e-01 -2.551252621114133978e-01 1.586111001278390553e+00 2.798009686799832751e-01 2.754167952425392030e-01
6.513636946550790952e-02 2.551252621114133978e-01 9.326425903126905892e-01 2.551252621114133978e-01 1.586111001278390553e+00 2.798009686799832751e-01 2.754167952425392030e-01
6.513636946550790952e-02 9.326425903126905892e-01 2.551252621114133978e-01 2.551252621114133978e-01 1.586111084955516226e+00 2.798009711902393337e-01 2.754167924908686449e-01
6.513636946550790952e-02 -9.326425903126905892e-01 2.551252621114133978e-01 2.551252621114133978e-01 1.586111147859700310e+00 2.798009719655130678e-01 2.754167935411427903e-01
6.513636946550790952e-02 9.326425903126905892e-01 -2.551252621114133978e-01 2.551252621114133978e-01 1.586111112544385637e+00 2.798009709562367386e-01 2.754167932157243759e-01
6.513636946550790952e-02 9.326425903126905892e-01 2.551252621114133978e-01 -2.551252621114133978e-01 1.586111153372508076e+00 2.798009709952433144e-01 2.754167926973794533e-01
6.513636946550790952e-02 -9.326425903126905892e-01 -2.551252621114133978e-01 2.551252621114133978e-01 1.586111153372508076e+00 2.798009709952433144e-01 2.754167926973794533e-01
6.513636946550790952e-02 -9.326425903126905892e-01 2.551252621114133978e-01 -2.551252621114133978e-01 1.586111112544385637e+00 2.798009709562367386e-01 2.754167932157243759e-01
6.513636946550790952e-02 9.326425903126905892e-01 -2.551252621114133978e-01 -2.551252621114133978e-01 1.586111147859700310e+00 2.798009719655130678e-01 2.754167935411427903e-01
6.513636946550790952e-02 -9.326425903126905892e-01 -2.551252621114133978e-01 -2.551252621114133978e-01 1.586111084955516226e+00 2.798009711902393337e-01 2.754167924908686449e-01
7.939343745253053808e-02 6.743601460362764755e-01 6.743601460362764755e-01 3.007935951377014860e-01 5.215153014754357885e-01 4.164786682989103372e-01 2.843181919642042699e-01
7.939343745253053808e-02 -6.743601460362764755e-01 6.743601460362764755e-01 3.007935951377014860e-01 5.215153057890199451e-01 4.164786615348333165e-01 2.843181949639453920e-01
7.939343745253053808e-02 6.743601460362764755e-01 -6.743601460362764755e-01 3.007935951377014860e-01 5.215152953237652822e-01 4.164786626521240209e-01 2.843181909575271948e-01
7.939343745253053808e-02 6.743601460362764755e-01 6.743601460362764755e-01 -3.007935951377014860e-01 5.215152983168880318e-01 4.164786603170972934e-01 2.843181933472738177e-01
7.939343745253053808e-02 -6.743601460362764755e-01 -6.743601460362764755e-01 3.007935951377014860e-01 5.215152983168880318e-01 4.164786603170972934e-01 2.843181933472738177e-01
7.939343745253053808e-02 -6.743601460362764755e-01 6.743601460362764755e-01 -3.007935951377014860e-01 5.215152953237652822e-01 4.164786626521240209e-01 2.843181909575271948e-01
7.939343745253053808e-02 6.743601460362764755e-01 -6.743601460362764755e-01 -3.007935951377014860e-01 5.215153057890199451e-01 4.164786615348333165e-01 2.843181949639453920e-01
7.939343745253053808e-02 -6.743601460362764755e-01 -6.743601460362764755e-01 -3.007935951377014860e-01 5.215153014754357885e-01 4.164786682989103372e-01 2.843181919642042699e-01
7.939343745253053808e-02 -6.743601460362764755e-01 3.007935951377014860e-01 6.743601460362764755e-01 5.215152935016590385e-01 4.164786570363194773e-01 2.843181928043049811e-01
7.939343745253053808e-02 6.743601460362764755e-01 -3.007935951377014860e-01 6.743601460362764755e-01 5.215152932798562402e-01 4.164786616744131087e-01 2.843181912263898492e-01
7.939343745253053808e-02 6.743601460362764755e-01 3.007935951377014860e-01 -6.743601460362764755e-01 5.215152958231091818e-01 4.164786647569909128e-01 2.843181916012624821e-01
7.939343745253053808e-02 -6.743601460362764755e-01 -3.007935951377014860e-01 6.743601460362764755e-01 5.215152958231091818e-01 4.164786647569909128e-01 2.843181916012624821e-01
7.939343745253053808e-02 -6.743601460362764755e-01 3.007935951377014860e-01 -6.743601460362764755e-01 5.215152932798562402e-01 4.164786616744131087e-01 2.843181912263898492e-01
7.939343745253053808e-02 6.743601460362764755e-01 -3.007935951377014860e-01 -6.743601460362764755e-01 5.215152935016590385e-01 4.164786570363194773e-01 2.843181928043049811e-01
7.939343745253053808e-02 -6.743601460362764755e-01 -3.007935951377014860e-01 -6.743601460362764755e-01 5.215152888343411730e-01 4.164786621758241880e-01 2.843181904018296513e-01
7.939343745253053808e-02 6.743601460362764755e-01 3.007935951377014860e-01 6.743601460362764755e-01 5.215152888343411730e-01 4.164786621758241880e-01 2.843181904018296513e-01
7.939343745253053808e-02 3.007935951377014860e-01 6.743601460362764755e-01 6.743601460362764755e-01 5.215152998815241192e-01 4.164786599947266632e-01 2.843181930936857227e-01
7.939343745253053808e-02 -3.007935951377014860e-01 6.743601460362764755e-01 6.743601460362764755e-01 5.215153103504863719e-01 4.164786618738361423e-01 2.843181919728294260e-01
7.939343745253053808e-02 3.007935951377014860e-01 -6.743601460362764755e-01 6.743601460362764755e-01 5.215153000378727199e-01 4.164786652785399945e-01 2.843181950681315517e-01
7.939343745253053808e-02 3.007935951377014860e-01 6.743601460362764755e-01 -6.743601460362764755e-01 5.215153049726324319e-01 4.164786577655261723e-01 2.843181905943574783e-01
7.939343745253053808e-02 -3.007935951377014860e-01 -6.743601460362764755e-01 6.743601460362764755e-01 5.215153049726324319e-01 4.164786577655261723e-01 2.843181905943574783e-01
7.939343745253053808e-02 -3.007935951377014860e-01 6.743601460362764755e-01 -6.743601460362764755e-01 5.215153000378727199e-01 4.164786652785399945e-01 2.843181950681315517e-01
7.939343745253053808e-02 3.007935951377014860e-01 -6.743601460362764755e-01 -6.743601460362764755e-01 5.215153103504863719e-01 4.164786618738361423e-01 2.843181919728294260e-01
7.939343745253053808e-02 -3.007935951377014860e-01 -6.743601460362764755e-01 -6.743601460362764755e-01 5.215152998815241192e-01 4.164786599947266632e-01 2.843181930936857227e-01
7.793248373075363500e-02 4.318910696719410192e-01 4.318910696719410192e-01 7.917955593934921099e-01 6.695596979302562701e-01 3.231287682642984826e-01 3.079456576521867883e-01
7.793248373075363500e-02 -4.318910696719410192e-01 4.318910696719410192e-01 7.917955593934921099e-01 6.695597011511573715e-01 3.231287682532559269e-01 3.079456585516007761e-01
7.793248373075363500e-02 4.318910696719410192e-01 -4.318910696719410192e-01 7.917955593934921099e-01 6.695597041141335692e-01 3.231287684143782091e-01 3.079456593265640918e-01
7.793248373075363500e-02 4.318910696719410192e-01 4.318910696719410192e-01 -7.917955593934921099e-01 6.695596818501948766e-01 3.231287684011271977e-01 3.079456574794179891e-01
7.793248373075363500e-02 -4.318910696719410192e-01 -4.318910696719410192e-01 7.917955593934921099e-01 6.695596818501948766e-01 3.231287684011271977e-01 3.079456574794179891e-01
7.793248373075363500e-02 -4.318910696719410192e-01 4.318910696719410192e-01 -7.917955593934921099e-01 6.695597041141335692e-01 3.231287684143782091e-01 3.079456593265640918e-01
7.793248373075363500e-02 4.318910696719410192e-01 -4.318910696719410192e-01 -7.917955593934921099e-01 6.695597011511573715e-01 3.231287682532559269e-01 3.079456585516007761e-01
7.793248373075363500e-02 -4.318910696719410192e-01 -4.318910696719410192e-01 -7.917955593934921099e-01 6.695596979302562701e-01 3.231287682642984826e-01 3.079456576521867883e-01
7.793248373075363500e-02 -4.318910696719410192e-01 7.917955593934921099e-01 4.318910696719410192e-01 6.695597077014820986e-01 3.231287725745022876e-01 3.079456567174702064e-01
7.793248373075363500e-02 4.318910696719410192e-01 -7.917955593934921099e-01 4.318910696719410192e-01 6.695597010913121316e-01 3.231287680406021434e-01 3.079456583290873795e-01
7.793248373075363500e-02 4.318910696719410192e-01 7.917955593934921099e-01 -4.318910696719410192e-01 6.695596986760049552e-01 3.231287717699217743e-01 3.079456567618658602e-01
7.793248373075363500e-02 -4.318910696719410192e-01 -7.917955593934921099e-01 4.318910696719410192e-01 6.695596986760049552e-01 3.231287717699217743e-01 3.079456567618658602e-01
7.793248373075363500e-02 -4.318910696719410192e-01 7.917955593934921099e-01 -4.318910696719410192e-01 6.695597010913121316e-01 3.231287680406021434e-01 3.079456583290873795e-01
7.793248373075363500e-02 4.318910696719410192e-01 -7.917955593934921099e-01 -4.318910696719410192e-01 6.695597077014820986e-01 3.231287725745022876e-01 3.079456567174702064e-01
7.793248373075363500e-02 -4.318910696719410192e-01 -7.917955593934921099e-01 -4.318910696719410192e-01 6.695596883678571754e-01 3.231287689472152613e-01 3.079456551577817169e-01
7.793248373075363500e-02 4.318910696719410192e-01 7.917955593934921099e-01 4.318910696719410192e-01 6.695596883678571754e-01 3.231287689472152613e-01 3.079456551577817169e-01
7.793248373075363500e-02 7.917955593934921099e-01 4.318910696719410192e-01 4.318910696719410192e-01 6.695596984796111650e-01 3.231287702653943827e-01 3.079456585035053595e-01
7.793248373075363500e-02 -7.917955593934921099e-01 4.318910696719410192e-01 4.318910696719410192e-01 6.695596891875696954e-01 3.231287704357923007e-01 3.079456571177892066e-01
7.793248373075363500e-02 7.917955593934921099e-01 -4.318910696719410192e-01 4.318910696719410192e-01 6.695596854569296763e-01 3.231287689611042624e-01 3.079456584764490024e-01
7.793248373075363500e-02 7.917955593934921099e-01 4.318910696719410192e-01 -4.318910696719410192e-01 6.695596830683845369e-01 3.231287702959207420e-01 3.079456581136166826e-01
7.793248373075363500e-02 -7.917955593934921099e-01 -4.318910696719410192e-01 4.318910696719410192e-01 6.695596830683845369e-01 3.231287702959207420e-01 3.079456581136166826e-01
7.793248373075363500e-02 -7.917955593934921099e-01 4.318910696719410192e-01 -4.318910696719410192e-01 6.695596854569296763e-01 3.231287689611042624e-01 3.079456584764490024e-01
7.793248373075363500e-02 7.917955593934921099e-01 -4.318910696719410192e-01 -4.318910696719410192e-01 6.695596891875696954e-01 3.231287704357923007e-01 3.079456571177892066e-01
7.793248373075363500e-02 -7.917955593934921099e-01 -4.318910696719410192e-01 -4.318910696719410192e-01 6.695596984796111650e-01 3.231287702653943827e-01 3.079456585035053595e-01
6.882781368562168600e-02 2.613931360335988163e-01 9.652324219764484292e-01 0.000000000000000000e+00 2.451220109738513120e+00 2.784771140490012731e-01 2.606790140608918338e-01
6.882781368562168600e-02 -2.613931360335988163e-01 9.652324219764484292e-01 0.000000000000000000e+00 2.451220153375480493e+00 2.784771172476344647e-01 2.606790164869215998e-01
6.882781368562168600e-02 2.613931360335988163e-01 -9.652324219764484292e-01 0.000000000000000000e+00 2.451220153375480493e+00 2.784771172476344647e-01 2.606790164869215998e-01
6.882781368562168600e-02 -2.613931360335988163e-01 -9.652324219764484292e-01 0.000000000000000000e+00 2.451220109738513120e+00 2.784771140490012731e-01 2.606790140608918338e-01
6.882781368562168600e-02 9.652324219764484292e-01 2.613931360335988163e-01 0.000000000000000000e+00 2.451220004474325975e+00 2.784771168936564512e-01 2.606790173803371080e-01
6.882781368562168600e-02 -9.652324219764484292e-01 2.613931360335988163e-01 0.000000000000000000e+00 2.451220007764537634e+00 2.784771178276466697e-01 2.606790151848238923e-01
6.882781368562168600e-02 9.652324219764484292e-01 -2.613931360335988163e-01 0.000000000000000000e+00 2.451220007764537634e+00 2.784771178276466697e-01 2.606790151848238923e-01
6.882781368562168600e-02 -9.652324219764484292e-01 -2.613931360335988163e-01 0.000000000000000000e+00 2.451220004474325975e+00 2.784771168936564512e-01 2.606790173803371080e-01
6.882781368562168600e-02 2.613931360335988163e-01 0.000000000000000000e+00 9.652324219764484292e-01 2.451220165864165690e+00 2.784771169157458925e-01 2.606790162599824101e-01
6.882781368562168600e-02 -2.613931360335988163e-01 0.000000000000000000e+00 9.652324219764484292e-01 2.451220146292345525e+00 2.784771196177673325e-01 2.606790166563994204e-01
6.882781368562168600e-02 2.613931360335988163e-01 0.000000000000000000e+00 -9.652324219764484292e-01 2.451220146292345525e+00 2.784771196177673325e-01 2.606790166563994204e-01
6.882781368562168600e-02 -2.613931360335988163e-01 0.000000000000000000e+00 -9.652324219764484292e-01 2.451220165864165690e+00 2.784771169157458925e-01 2.606790162599824101e-01
6.882781368562168600e-02 9.652324219764484292e-01 0.000000000000000000e+00 2.613931360335988163e-01 2.451219995857642608e+00 2.784771160649008870e-01 2.606790161111064430e-01
6.882781368562168600e-02 -9.652324219764484292e-01 0.000000000000000000e+00 2.613931360335988163e-01 2.451220029968525171e+00 2.784771180199634433e-01 2.606790158336049767e-01
6.882781368562168600e-02 9.652324219764484292e-01 0.000000000000000000e+00 -2.613931360335988163e-01 2.451220029968525171e+00 2.784771180199634433e-01 2.606790158336049767e-01
6.882781368562168600e-02 -9.652324219764484292e-01 0.000000000000000000e+00 -2.613931360335988163e-01 2.451219995857642608e+00 2.784771160649008870e-01 2.606790161111064430e-01
6.882781368562168600e-02 0.000000000000000000e+00 2.613931360335988163e-01 9.652324219764484292e-01 2.451219901161681758e+00 2.784771169581387040e-01 2.606790151825880142e-01
6.882781368562168600e-02 0.000000000000000000e+00 -2.613931360335988163e-01 9.652324219764484292e-01 2.451219855926217051e+00 2.784771149458112327e-01 2.606790157778683392e-01
6.882781368562168600e-02 0.000000000000000000e+00 2.613931360335988163e-01 -9.652324219764484292e-01 2.451219855926217051e+00 2.784771149458112327e-01 2.606790157778683392e-01
6.882781368562168600e-02 0.000000000000000000e+00 -2.613931360335988163e-01 -9.652324219764484292e-01 2.451219901161681758e+00 2.784771169581387040e-01 2.606790151825880142e-01
6.882781368562168600e-02 0.000000000000000000e+00 9.652324219764484292e-01 2.613931360335988163e-01 2.451220196693312925e+00 2.784771154828110107e-01 2.606790164015758693e-01
6.882781368562168600e-02 0.000000000000000000e+00 -9.652324219764484292e-01 2.613931360335988163e-01 2.451219899495394206e+00 2.784771164692910195e-01 2.606790161265338801e-01
6.882781368562168600e-02 0.000000000000000000e+00 9.652324219764484292e-01 -2.613931360335988163e-01 2.451219899495394206e+00 2.784771164692910195e-01 2.606790161265338801e-01
6.882781368562168600e-02 0.000000000000000000e+00 -9.652324219764484292e-01 -2.613931360335988163e-01 2.451220196693312925e+00 2.784771154828110107e-01 2.606790164015758693e-01
7.500092515800829696e-02 4.990453161796037929e-01 1.446630744325115014e-01 8.544158046846588306e-01 8.881164994884771513e-01 3.392144502419249252e-01 2.658444128428866238e-01
7.500092515800829696e-02 -4.990453161796037929e-01 1.446630744325115014e-01 8.544158046846588306e-01 8.881164713079152673e-01 3.392144488115217960e-01 2.658444123117790214e-01
7.500092515800829696e-02 4.990453161796037929e-01 -1.446630744325115014e-01 8.544158046846588306e-01 8.881164551094039572e-01 3.392144505011033262e-01 2.658444140971086278e-01
7.500092515800829696e-02 4.990453161796037929e-01 1.446630744325115014e-01 -8.544158046846588306e-01 8.881164706650465090e-01 3.392144494170647451e-01 2.658444096843110005e-01
7.500092515800829696e-02 -4.990453161796037929e-01 -1.446630744325115014e-01 8.544158046846588306e-01 8.881164706650465090e-01 3.392144494170647451e-01 2.658444096843110005e-01
7.500092515800829696e-02 4.990453161796037929e-01 -1.446630744325115014e-01 -8.544158046846588306e-01 8.881164713079152673e-01 3.392144488115217960e-01 2.658444123117790214e-01
7.500092515800829696e-02 -4.990453161796037929e-01 1.446630744325115014e-01 -8.544158046846588306e-01 8.881164551094039572e-01 3.392144505011033262e-01 2.658444140971086278e-01
7.500092515800829696e-02 -4.990453161796037929e-01 -1.446630744325115014e-01 -8.544158046846588306e-01 8.881164994884771513e-01 3.392144502419249252e-01 2.658444128428866238e-01
7.500092515800829696e-02 1.446630744325115014e-01 4.990453161796037929e-01 8.544158046846588306e-01 8.881164930345794017e-01 3.392144491510173943e-01 2.658444126850292855e-01
7.500092515800829696e-02 -1.446630744325115014e-01 4.990453161796037929e-01 8.544158046846588306e-01 8.881164678692721193e-01 3.392144502615039303e-01 2.658444105429261239e-01
7.500092515800829696e-02 1.446630744325115014e-01 -4.990453161796037929e-01 8.544158046846588306e-01 8.881164635111860051e-01 3.392144505902364715e-01 2.658444107100516596e-01
7.500092515800829696e-02 1.446630744325115014e-01 4.990453161796037929e-01 -8.544158046846588306e-01 8.881164680553852442e-01 3.392144472822501977e-01 2.658444118270120726e-01
7.500092515800829696e-02 -1.446630744325115014e-01 -4.990453161796037929e-01 8.544158046846588306e-01 8.881164680553852442e-01 3.392144472822501977e-01 2.658444118270120726e-01
7.500092515800829696e-02 1.446630744325115014e-01 -4.990453161796037929e-01 -8.544158046846588306e-01 8.881164678692721193e-01 3.392144502615039303e-01 2.658444105429261239e-01
7.500092515800829696e-02 -1.446630744325115014e-01 4.990453161796037929e-01 -8.544158046846588306e-01 8.881164635111860051e-01 3.392144505902364715e-01 2.658444107100516596e-01
7.500092515800829696e-02 -1.446630744325115014e-01 -4.990453161796037929e-01 -8.544158046846588306e-01 8.881164930345794017e-01 3.392144491510173943e-01 2.658444126850292855e-01
7.500092515800829696e-02 8.544158046846588306e-01 4.990453161796037929e-01 1.446630744325115014e-01 8.881164520863639167e-01 3.392144464819989436e-01 2.658444096892606523e-01
7.500092515800829696e-02 -8.544158046846588306e-01 4.990453161796037929e-01 1.446630744325115014e-01 8.881164738675262349e-01 3.392144518330705294e-01 2.658444109190332694e-01
7.500092515800829696e-02 8.544158046846588306e-01 -4.990453161796037929e-01 1.446630744325115014e-01 8.881164629250409837e-01 3.392144504254916426e-01 2.658444107805758572e-01
7.500092515800829696e-02 8.544158046846588306e-01 4.990453161796037929e-01 -1.446630744325115014e-01 8.881164802910229694e-01 3.392144490528519740e-01 2.658444126481892544e-01
7.500092515800829696e-02 -8.544158046846588306e-01 -4.990453161796037929e-01 1.446630744325115014e-01 8.881164802910229694e-01 3.392144490528519740e-01 2.658444126481892544e-01
7.500092515800829696e-02 8.544158046846588306e-01 -4.990453161796037929e-01 -1.446630744325115014e-01 8.881164738675262349e-01 3.392144518330705294e-01 2.658444109190332694e-01
7.500092515800829696e-02 -8.544158046846588306e-01 4.990453161796037929e-01 -1.446630744325115014e-01 8.881164629250409837e-01 3.392144504254916426e-01 2.658444107805758572e-01
7.500092515800829696e-02 -8.544158046846588306e-01 -4.990453161796037929e-01 -1.446630744325115014e-01 8.881164520863639167e-01 3.392144464819989436e-01 2.658444096892606523e-01
7.500092515800829696e-02 8.544158046846588306e-01 1.446630744325115014e-01 4.990453161796037929e-01 8.881164747977210450e-01 3.392144465986076662e-01 2.658444118539528001e-01
7.500092515800829696e-02 -8.544158046846588306e-01 1.446630744325115014e-01 4.990453161796037929e-01 8.881164877663182411e-01 3.392144479661631795e-01 2.658444126589190049e-01
7.500092515800829696e-02 8.544158046846588306e-01 -1.446630744325115014e-01 4.990453161796037929e-01 8.881164707566201466e-01 3.392144468940234137e-01 2.658444106372684912e-01
7.500092515800829696e-02 8.544158046846588306e-01 1.446630744325115014e-01 -4.990453161796037929e-01 8.881165018004318901e-01 3.392144506007291338e-01 2.658444118419938662e-01
7.500092515800829696e-02 -8.544158046846588306e-01 -1.446630744325115014e-01 4.990453161796037929e-01 8.881165018004318901e-01 3.392144506007291338e-01 2.658444118419938662e-01
7.500092515800829696e-02 8.544158046846588306e-01 -1.446630744325115014e-01 -4.990453161796037929e-01 8.881164877663182411e-01 3.392144479661631795e-01 2.658444126589190049e-01
7.500092515800829696e-02 -8.544158046846588306e-01 1.446630744325115014e-01 -4.990453161796037929e-01 8.881164707566201466e-01 3.392144468940234137e-01 2.658444106372684912e-01
7.500092515800829696e-02 -8.544158046846588306e-01 -1.446630744325115014e-01 -4.990453161796037929e-01 8.881164747977210450e-01 3.392144465986076662e-01 2.658444118539528001e-01
7.500092515800829696e-02 4.990453161796037929e-01 8.544158046846588306e-01 1.446630744325115014e-01 8.881164789582011165e-01 3.392144504656231518e-01 2.658444108075498358e-01
7.500092515800829696e-02 -4.990453161796037929e-01 8.544158046846588306e-01 1.446630744325115014e-01 8.881164703146942063e-01 3.392144493642771375e-01 2.658444117943908891e-01
7.500092515800829696e-02 4.990453161796037929e-01 -8.544158046846588306e-01 1.446630744325115014e-01 8.881164794846564403e-01 3.392144483323771276e-01 2.658444123841967599e-01
7.500092515800829696e-02 4.990453161796037929e-01 8.544158046846588306e-01 -1.446630744325115014e-01 8.881164796025527997e-01 3.392144495788349534e-01 2.658444109252452447e-01
7.500092515800829696e-02 -4.990453161796037929e-01 -8.544158046846588306e-01 1.446630744325115014e-01 8.881164796025527997e-01 3.392144495788349534e-01 2.658444109252452447e-01
7.500092515800829696e-02 4.990453161796037929e-01 -8.544158046846588306e-01 -1.446630744325115014e-01 8.881164703146942063e-01 3.392144493642771375e-01 2.658444117943908891e-01
7.500092515800829696e-02 -4.990453161796037929e-01 8.544158046846588306e-01 -1.446630744325115014e-01 8.881164794846564403e-01 3.392144483323771276e-01 2.658444123841967599e-01
7.500092515800829696e-02 -4.990453161796037929e-01 -8.544158046846588306e-01 -1.446630744325115014e-01 8.881164789582011165e-01 3.392144504656231518e-01 2.658444108075498358e-01
7.500092515800829696e-02 1.446630744325115014e-01 8.544158046846588306e-01 4.990453161796037929e-01 8.881164720979690674e-01 3.392144501729116857e-01 2.658444115873359603e-01
7.500092515800829696e-02 -1.446630744325115014e-01 8.544158046846588306e-01 4.990453161796037929e-01 8.881164675663750785e-01 3.392144498691125887e-01 2.658444111494080442e-01
7.500092515800829696e-02 1.446630744325115014e-01 -8.544158046846588306e-01 4.990453161796037929e-01 8.881164886627752608e-01 3.392144464501424816e-01 2.658444133224381889e-01
7.500092515800829696e-02 1.446630744325115014e-01 8.544158046846588306e-01 -4.990453161796037929e-01 8.881164653534088238e-01 3.392144506587630448e-01 2.658444117322378841e-01
7.500092515800829696e-02 -1.446630744325115014e-01 -8.544158046846588306e-01 4.990453161796037929e-01 8.881164653534088238e-01 3.392144506587630448e-01 2.658444117322378841e-01
7.500092515800829696e-02 1.446630744325115014e-01 -8.544158046846588306e-01 -4.990453161796037929e-01 8.881164675663750785e-01 3.392144498691125887e-01 2.658444111494080442e-01
7.500092515800829696e-02 -1.446630744325115014e-01 8.544158046846588306e-01 -4.990453161796037929e-01 8.881164886627752608e-01 3.392144464501424816e-01 2.658444133224381889e-01
7.500092515800829696e-02 -1.446630744325115014e-01 -8.544158046846588306e-01 -4.990453161796037929e-01 8.881164720979690674e-01 3.392144501729116857e-01 2.658444115873359603e-01
